  10   3
   20355.966023     16167.127237
   39988.592020     19773.197847
   23572.548971     31529.184022
   37304.369590     32079.249435
   24512.513179     38835.826089
   40867.253869     38565.884488
   27520.840478     46921.515986
   36067.877874     44894.490748
   19345.710923     51972.040940
   33635.749233     49663.479404
      75.455160       36.992250       54.503740       19.269930       20.093530       17.650830       56.770230       17.080500       18.831190       16.385700 
      25.793680       38.375560       24.997800       26.576220       18.289200       23.168780       38.161870       20.412130       12.482780       16.597520 
      66.812590       39.315400       51.186310       22.408500       24.202840       20.514430       70.558250       20.242000       22.999690       19.424020 
      17.329130       33.119610       18.761160       24.907980       16.361600       22.929530       40.161070       23.146280       11.420450       18.670240 
      17.485420       25.137020       21.182770       19.093040       23.480380       18.306310       73.409770       20.087670       23.889580       19.434310 
      11.607170       18.441950       12.168340       16.115400       11.117000       16.942850       37.166850       21.828940        9.556350       18.066350 
      82.372600       77.535140       90.449230       67.791970       95.057940       72.635600      312.258790       98.826690      110.006660      110.368410 
      35.143120       41.734510       36.299460       48.415280       35.711070       57.578140      173.373140       89.946000       41.226350       91.825380 
      12.196230       11.899530       15.345270       10.239040       18.935880       11.158610       67.875160       15.064250       23.622110       20.372560 
      21.717650       24.963930       22.806940       27.790220       23.083630       32.891690      109.098310       50.846560       30.247210       63.327840 
      80.844929       39.879253       57.381957       20.791171       21.530101       19.226326       62.440409       17.947479       19.799818       17.366007 
      27.268470       41.361855       27.202835       27.939542       19.580669       25.202226       41.346762       21.690668       13.459722       18.109593 
      70.394843       41.487964       54.726565       24.153063       25.530647       22.089810       76.948372       21.663085       24.482944       20.760529 
      18.582897       35.372546       20.081146       26.568423       17.649901       24.804787       42.291996       24.959830       12.209168       19.982718 
      19.000393       27.260667       23.241410       20.906346       24.777365       19.306769       78.365663       21.401826       25.748756       20.414032 
      12.340929       19.494397       12.892510       17.028977       11.751528       18.447861       40.654638       23.051459       10.310225       19.586582 
      89.904211       81.684608       96.933767       73.290408      100.226989       78.083658      337.808320      104.780661      119.740136      116.753152 
      36.970794       44.633203       38.424120       52.468085       37.708545       63.109100      187.254050       95.844632       44.090315       99.393190 
      13.323936       12.741816       16.448971       11.110079       20.759225       12.102207       71.760059       16.447971       25.033439       21.938195 
      22.836473       27.192338       25.037276       29.422674       25.064446       35.895628      118.935703       55.715909       31.840249       69.390437 
      88.895868       42.662841       60.713463       22.747636       22.949364       20.926635       68.593173       19.482986       21.715144       19.083740 
      29.656116       45.199001       29.578632       30.315772       21.278672       26.592475       44.688055       23.466891       14.222647       19.684531 
      75.401456       44.389538       59.596373       26.098790       28.061427       23.641867       83.195335       23.523161       25.785845       21.815092 
      19.561806       38.460775       21.090749       28.107822       19.040503       26.268797       46.187681       27.208554       13.106681       21.158312 
      20.106222       29.806824       24.899064       22.052855       26.608162       20.630496       84.025512       23.409026       27.544026       22.052538 
      13.465217       20.593578       14.019931       18.235094       12.857266       19.735051       44.077906       24.383107       11.214080       20.913684 
      97.127114       88.911753      105.629909       78.755931      108.522702       82.719302      365.655057      111.108208      130.859411      128.202921 
      39.372649       47.358775       41.240114       56.535815       41.092152       66.924112      197.550251      104.492937       47.887650      108.737066 
      14.420221       13.493854       17.572668       11.777033       22.557372       13.252927       78.916245       17.872304       26.933732       23.609922 
      24.018719       29.845473       27.115476       31.212126       27.374686       38.667962      129.539990       59.262449       35.010185       74.112785 
       3.000000        3.000000        3.000000 
       0.750000        0.750000        0.750000 
       2.000000        2.000000        2.000000 
   60148.505974
   53834.366192
   62111.003830
   37781.701966
   43373.771930
   40867.182896
  181052.828749
   78294.712282
   43203.212753
   70364.091739
   1
   1
   1
   1
   1
   1
   1
   1
   1
   1
    2198.532635    2376.263070    2568.002344
    6106.711881    6412.233847    7012.205401
    2226.593104    2360.924615    2497.041464
    4515.466789    4777.717199    5031.045425
    4423.706323    4798.088479    5226.427007
    5748.026876    6310.690420    6862.257132
    6109.336283    6601.968763    7149.204623
    6425.976443    7047.050885    7476.117295
    4740.035887    5121.493993    5426.139034
    6238.554903    6686.802893    7034.387267
   37699.040896    40233.115527    42364.855525 
   32818.718895    35798.364532    39051.648957 
   39141.290607    41448.950851    43631.766202 
   23791.913545    25032.263192    26739.227195 
   26507.777998    28990.652460    31249.113402 
   25424.640448    27091.941941    29217.783403 
  111090.410478   119834.877287   131180.369734 
   48697.168620    52444.162168    55448.093777 
   26511.988282    28637.106171    31257.331053 
   42691.258362    46776.939631    51259.985485 
