  10   2
   20355.966023     16167.127237
   39988.592020     19773.197847
   23572.548971     31529.184022
   37304.369590     32079.249435
   24512.513179     38835.826089
   40867.253869     38565.884488
   27520.840478     46921.515986
   36067.877874     44894.490748
   19345.710923     51972.040940
   33635.749233     49663.479404
      75.455160       36.992250       54.503740       19.269930       20.093530       17.650830       56.770230       17.080500       18.831190       16.385700 
      25.793680       38.375560       24.997800       26.576220       18.289200       23.168780       38.161870       20.412130       12.482780       16.597520 
      66.812590       39.315400       51.186310       22.408500       24.202840       20.514430       70.558250       20.242000       22.999690       19.424020 
      17.329130       33.119610       18.761160       24.907980       16.361600       22.929530       40.161070       23.146280       11.420450       18.670240 
      17.485420       25.137020       21.182770       19.093040       23.480380       18.306310       73.409770       20.087670       23.889580       19.434310 
      11.607170       18.441950       12.168340       16.115400       11.117000       16.942850       37.166850       21.828940        9.556350       18.066350 
      82.372600       77.535140       90.449230       67.791970       95.057940       72.635600      312.258790       98.826690      110.006660      110.368410 
      35.143120       41.734510       36.299460       48.415280       35.711070       57.578140      173.373140       89.946000       41.226350       91.825380 
      12.196230       11.899530       15.345270       10.239040       18.935880       11.158610       67.875160       15.064250       23.622110       20.372560 
      21.717650       24.963930       22.806940       27.790220       23.083630       32.891690      109.098310       50.846560       30.247210       63.327840 
      80.328646       39.816992       59.794763       20.922373       21.811264       18.697102       61.486212       18.084651       20.103087       17.645569 
      27.748417       41.008222       26.554755       28.064933       19.238936       24.409028       41.736452       21.933680       13.665381       17.770571 
      73.065247       41.652943       54.536688       24.510763       25.971316       21.686401       75.498749       21.648815       24.873666       20.679939 
      18.731109       35.027775       19.946851       26.308831       17.536802       25.076965       43.747585       25.307198       12.105740       20.408948 
      19.206694       27.510565       23.219010       20.859993       24.942216       19.414985       78.200437       21.323019       26.023544       21.156572 
      12.702673       20.259524       13.185123       16.980901       12.112346       17.840743       40.718554       23.066049       10.214842       19.593612 
      89.808055       83.901909       98.045784       71.511870      100.896111       77.215586      338.079439      104.763922      117.071634      119.450133 
      37.744078       44.044638       38.827860       53.028525       37.754100       63.149515      182.355559       98.176662       43.495076       96.433744 
      13.244897       12.639515       16.707621       10.908982       20.357010       12.005424       72.222199       16.017380       25.803697       22.334275 
      23.000746       26.304312       24.261477       30.460556       24.319461       35.090024      119.854817       54.791913       32.517943       68.540351 
       3.000000        3.000000 
       0.750000        0.750000 
       2.000000        2.000000 
   59009.693093
   51279.824199
   61109.723726
   36777.283224
   41157.639231
   39825.347844
  174410.918943
   76033.836310
   41190.634160
   66510.800193
   2
   2
   2
   2
   2
   2
   2
   2
   2
   2
    1529.981840    1655.447636
    1153.366193    1267.110058
     643.642586     697.849443
    2000.510570    2162.492279
    2784.169344    3002.900018
    2137.065519    2297.728602
     310.174103     331.701324
    1345.544803    1463.655197
    2339.293587    2521.046284
    2878.318010    3080.670787
   37699.040896    40980.549895 
   32818.718895    35554.380037 
   39141.290607    42338.341028 
   23791.913545    25244.464088 
   26507.777998    28369.074310 
   25424.640448    27675.823344 
  111090.410478   121457.481446 
   48697.168620    52681.279794 
   26511.988282    28408.857265 
   42691.258362    45989.808562 
