  20   2
   12944.330389     19522.690462
   23487.769950     14749.226168
   31004.306839     21458.349354
   49728.492698     17946.318136
   18262.371247     34230.973732
   27200.416014     29683.344889
   32659.905655     31322.779442
   42235.109422     32882.346795
   19237.531679     39507.847120
   30240.587168     38106.082073
   35623.768986     38814.054724
   44607.978078     38388.838796
   21747.098038     44784.848319
   28875.463979     47422.816531
   32361.143193     45963.285683
   42755.672541     42966.140950
   12890.344693     52475.699722
   25061.003075     51526.124012
   31592.466525     49745.987221
   36010.099570     49567.603065
       5.705460        9.801600        5.028110        3.105340        5.765610        5.686550        2.481790        2.106570        2.385470        2.387700        2.395230        1.960420        2.928670        8.977840        2.116820        2.387880        2.221080        2.296100        2.145720        1.931400 
      21.242070       38.706030       18.462480       10.396320       21.816160       21.235420        8.125360        6.556210        7.616900        7.703460        7.724360        5.570820        9.837080       35.026640        5.002580        7.573220        6.988030        7.325980        6.503940        5.804640 
       5.763190        9.909430        9.328980        8.665890        6.206380        7.668480        6.870660        5.133030        3.305500        5.459250        6.386530        4.145890        4.137130       15.146830        3.880890        5.526760        3.062270        3.296260        3.502540        4.305820 
       3.820190        6.300870        9.807810       10.572880        4.417340        6.705600        8.417020        6.155510        3.140530        6.383920        7.783160        4.853200        3.916860       14.961050        4.480330        6.524150        2.917080        3.207170        3.689520        5.099640 
       6.729460       11.728550        6.264410        4.029870        7.678670        7.051290        3.131920        2.961690        4.736540        3.615740        3.060780        2.868090        6.021830       19.653960        2.814570        3.714970        4.359170        4.446220        3.671800        2.874920 
      17.206470       31.148110       17.379000       11.642120       18.144860       18.311490        9.089200        7.225690        7.553090        8.297470        8.524190        6.061370        9.722700       35.159760        5.438090        8.274370        6.920290        7.274010        6.571700        6.305600 
       4.166280        6.981930       11.095710       11.991460        4.816070        7.433210        9.437520        6.828900        3.351280        7.097620        8.735840        5.298110        4.190670       16.904280        4.792840        7.196720        3.069910        3.407420        3.920200        5.502570 
       2.438090        3.742830        4.926360        5.106080        2.845720        3.666160        3.973770        4.667790        2.357720        3.554980        3.956440        4.939140        2.910190       16.155930        4.471680        6.685040        2.178630        2.764490        4.126390        5.121080 
       3.113600        4.994030        4.066750        3.542140        6.167110        4.451030        2.778660        3.594590        8.804680        4.810720        2.826520        3.984530       11.403820       36.775960        3.718530        5.308650        8.071600        8.124130        6.068910        4.093370 
       3.552860        5.824930        8.508210        9.019920        4.538650        6.025980        7.025170        5.694620        4.014840        5.850140        6.605760        4.889500        5.065720       20.164270        4.429220        6.631270        3.684520        4.009330        4.229510        5.042520 
       2.219170        3.340190        5.355550        5.780490        2.413170        3.631730        4.431110        3.401720        1.813650        3.423200        4.200780        2.827150        2.208650        8.568970        2.760480        3.685130        1.675490        1.844140        2.161970        2.772730 
       2.425860        3.621950        3.729330        3.576580        2.950220        3.173220        2.751170        5.531400        2.722220        3.157930        3.072580        6.842340        3.371160       23.018070        6.021590        9.361740        2.521390        3.515330        5.963750        7.167900 
       4.483780        7.501330        5.991180        5.154700        9.329840        6.562980        3.955270        5.258040       13.495360        7.166450        4.031370        5.819530       17.568600       57.492690        5.198230        7.921890       12.349090       12.426760        9.148950        6.022430 
      24.918840       45.468650       35.764150       30.625110       39.706520       34.849890       24.203300       34.375360       42.677130       31.719000       24.448740       38.335960       56.185170      181.012330       31.579150       54.127420       38.981630       46.249180       53.659560       41.537470 
      10.034720       17.481460       16.783080       15.711780       14.138160       14.442260       12.332870       25.425830       13.530940       14.758890       13.504180       31.278180       17.555860      120.888210       25.937430       43.972100       12.388940       21.212760       40.869290       33.741530 
       2.970600        4.656340        4.730490        4.509160        3.731800        3.987240        3.456050        7.200530        3.406060        4.015180        3.866240        8.929540        4.265110       30.663960        7.680070       12.356400        3.136140        4.488510        7.773920        9.440640 
       2.471920        3.806750        3.171130        2.800240        4.686520        3.443120        2.190080        2.786330        6.637770        3.669350        2.243270        3.087990        8.535090       27.288440        2.989840        4.031970        6.095400        6.122800        4.610740        3.119040 
       2.349990        3.567570        3.120160        2.808000        4.024980        3.190650        2.174050        3.088580        5.329060        3.299700        2.276530        3.550820        6.806760       25.244870        3.344880        4.697560        4.897620        6.506290        9.043780        3.599000 
       4.169570        6.900030        6.316250        5.787810        6.278640        5.763150        4.464750        8.188770        6.903630        5.812240        4.817440        9.870880        8.858580       49.549760        8.447080       13.694100        6.326660       13.249160       27.970550       10.473270 
       4.016100        6.631950        6.606940        6.252930        5.230070        5.535080        4.814200       10.322500        4.717650        5.650110        5.379490       12.823880        5.966610       44.723360       10.789840       17.915540        4.326590        6.344800       11.171720       13.712300 
       6.113655       10.343250        5.429130        3.333429        6.246960        6.124803        2.628492        2.313071        2.578495        2.612290        2.543803        2.121932        3.175105        9.503162        2.258748        2.530634        2.358336        2.489899        2.355374        2.101829 
      22.680984       42.429981       19.683048       11.367039       23.277684       22.426060        8.576871        7.160769        8.347243        8.181097        8.136863        5.968719       10.635842       37.263120        5.475319        8.316686        7.554471        7.937477        7.151962        6.246024 
       6.226600       10.519625        9.841566        9.418519        6.592501        8.255756        7.393031        5.560135        3.538848        5.897563        6.800455        4.385885        4.349340       16.516965        4.183561        6.001224        3.274546        3.518650        3.829085        4.661704 
       4.037933        6.881932       10.381606       11.203036        4.788656        7.172323        9.130323        6.484626        3.427694        6.769065        8.441737        5.123801        4.209336       15.752684        4.893523        7.112900        3.089650        3.386894        3.880791        5.548860 
       7.326644       12.392722        6.603239        4.244406        8.227803        7.570211        3.317941        3.146991        5.145015        3.962533        3.241581        3.055386        6.429834       21.562794        3.021018        3.912646        4.613660        4.768353        3.947087        3.041074 
      18.668550       34.082783       18.345195       12.533444       19.161746       20.003348        9.799704        7.613856        7.940887        9.059859        9.175126        6.428998       10.223419       36.991357        5.944209        8.939019        7.596152        7.669677        7.194434        6.662514 
       4.545653        7.448294       12.130157       12.757710        5.269920        7.986294        9.916035        7.206806        3.565661        7.637831        9.466750        5.720971        4.432330       18.291079        5.222721        7.813746        3.320627        3.725695        4.231464        5.906476 
       2.658740        4.057584        5.376959        5.502917        2.989083        4.009325        4.327361        5.025777        2.522786        3.774282        4.248382        5.408371        3.134451       17.191247        4.773809        7.327256        2.333173        2.926325        4.349559        5.542994 
       3.285890        5.485858        4.461951        3.851568        6.604926        4.868014        2.977297        3.865728        9.259021        5.214134        2.983192        4.218504       11.982625       39.575824        4.086491        5.831341        8.689749        8.901187        6.390710        4.451763 
       3.898442        6.401521        8.977749        9.646569        4.774828        6.512829        7.601750        6.207052        4.347298        6.284067        6.982657        5.197610        5.469136       21.300329        4.789578        7.038401        3.940813        4.348502        4.622244        5.381017 
       2.400123        3.528061        5.697523        6.185435        2.574386        3.988524        4.699645        3.616919        1.962085        3.711080        4.475240        3.100400        2.397461        9.185812        2.965972        4.028935        1.837719        1.963525        2.322374        3.008721 
       2.552646        3.837817        4.007342        3.840204        3.111408        3.396446        3.003067        5.898807        2.914783        3.356425        3.290718        7.314791        3.555284       25.142291        6.445832        9.966223        2.685211        3.812825        6.445162        7.879702 
       4.880159        8.073447        6.486307        5.541637       10.018267        7.171959        4.294867        5.755915       14.363351        7.606428        4.411629        6.237679       19.130483       61.982513        5.701419        8.594793       13.009037       13.384432        9.698845        6.325932 
      26.659174       49.190774       39.336690       32.769812       41.788183       36.776169       26.288468       37.183393       46.361088       33.510557       26.782290       40.264458       60.972064      192.404114       33.631164       58.489974       41.356729       50.227651       58.735086       45.527055 
      10.931083       19.095642       17.709307       16.708685       15.351038       15.737643       12.991179       27.882708       14.307605       16.208722       14.816538       34.040400       18.768006      131.205231       27.839181       47.782000       13.334359       22.468292       43.220207       36.737511 
       3.133173        4.896326        5.198710        4.756863        4.036294        4.286462        3.726916        7.779460        3.658414        4.261217        4.126383        9.416499        4.597837       32.925599        8.428471       13.471670        3.309285        4.713374        8.252047       10.084071 
       2.702821        4.098091        3.463090        3.074615        4.948750        3.718784        2.328405        2.992917        7.007783        3.875287        2.418055        3.376221        9.225748       29.004263        3.196456        4.275891        6.594936        6.601214        5.028601        3.359048 
       2.473449        3.805009        3.428543        2.976530        4.364334        3.404955        2.366634        3.329015        5.777550        3.510817        2.481496        3.745900        7.399960       26.920029        3.533495        4.992915        5.191624        6.861806        9.765706        3.780493 
       4.555287        7.395648        6.845431        6.215744        6.737950        6.329405        4.840964        8.832548        7.279856        6.258353        5.082842       10.614713        9.318541       53.293325        9.067599       14.543216        6.697519       14.307209       29.772583       11.481986 
       4.221342        7.140220        7.171767        6.856373        5.721681        5.840618        5.294099       11.246759        4.964359        6.132569        5.874425       13.715000        6.414074       48.289136       11.560000       19.618629        4.562673        6.852779       12.059846       14.597195 
       3.000000        3.000000 
       0.750000        0.750000 
       2.000000        2.000000 
   34206.307779
   49798.002873
   46676.189222
   44631.140098
   46459.908592
   48191.681910
   38737.433546
   36608.033397
   45703.621746
   39928.224538
   33387.167458
   42810.540968
   48587.129197
   53566.142690
   52799.754622
   47610.602427
   36541.216118
   39413.354246
   49311.782645
   47433.677449
   1
   1
   1
   1
   1
   1
   1
   1
   1
   1
   1
   1
   1
   1
   1
   1
   1
   1
   1
   1
    1869.755130    2027.580450
     514.323903     547.846703
    3108.620114    3265.497896
    3382.549883    3643.165305
    5307.023938    5708.431704
    3680.734306    4040.231304
    4815.308329    5135.995788
    3313.371881    3517.384867
    4122.595867    4445.947947
    4536.979079    4960.153078
    2069.924741    2190.123397
    2600.275651    2776.907433
    1983.294653    2153.539501
    3493.962964    3758.209444
    3944.806759    4171.193427
    2176.440652    2380.956465
    4783.309615    5132.966968
    2861.394097    3143.516537
    4212.933927    4538.254407
    2459.302215    2622.796616
   21938.792235    23669.618137 
   32202.815636    34194.521528 
   30250.707057    31984.211906 
   28548.971654    30959.215144 
   29647.993415    32298.551374 
   31292.380591    32963.195290 
   25028.562814    26621.348581 
   23721.798292    25088.912903 
   29186.541657    31751.620671 
   25415.539812    27822.092906 
   21475.782819    23040.440458 
   27418.701689    29662.019601 
   31102.999507    33679.839423 
   34024.193109    37397.330477 
   33689.160253    36710.512577 
   30765.773415    32715.029821 
   23302.722621    25418.898870 
   25566.097980    26985.041014 
   31647.594346    34101.449180 
   30835.013991    32409.889275 
