  20   3
   12944.330389     19522.690462
   23487.769950     14749.226168
   31004.306839     21458.349354
   49728.492698     17946.318136
   18262.371247     34230.973732
   27200.416014     29683.344889
   32659.905655     31322.779442
   42235.109422     32882.346795
   19237.531679     39507.847120
   30240.587168     38106.082073
   35623.768986     38814.054724
   44607.978078     38388.838796
   21747.098038     44784.848319
   28875.463979     47422.816531
   32361.143193     45963.285683
   42755.672541     42966.140950
   12890.344693     52475.699722
   25061.003075     51526.124012
   31592.466525     49745.987221
   36010.099570     49567.603065
       5.705460        9.801600        5.028110        3.105340        5.765610        5.686550        2.481790        2.106570        2.385470        2.387700        2.395230        1.960420        2.928670        8.977840        2.116820        2.387880        2.221080        2.296100        2.145720        1.931400 
      21.242070       38.706030       18.462480       10.396320       21.816160       21.235420        8.125360        6.556210        7.616900        7.703460        7.724360        5.570820        9.837080       35.026640        5.002580        7.573220        6.988030        7.325980        6.503940        5.804640 
       5.763190        9.909430        9.328980        8.665890        6.206380        7.668480        6.870660        5.133030        3.305500        5.459250        6.386530        4.145890        4.137130       15.146830        3.880890        5.526760        3.062270        3.296260        3.502540        4.305820 
       3.820190        6.300870        9.807810       10.572880        4.417340        6.705600        8.417020        6.155510        3.140530        6.383920        7.783160        4.853200        3.916860       14.961050        4.480330        6.524150        2.917080        3.207170        3.689520        5.099640 
       6.729460       11.728550        6.264410        4.029870        7.678670        7.051290        3.131920        2.961690        4.736540        3.615740        3.060780        2.868090        6.021830       19.653960        2.814570        3.714970        4.359170        4.446220        3.671800        2.874920 
      17.206470       31.148110       17.379000       11.642120       18.144860       18.311490        9.089200        7.225690        7.553090        8.297470        8.524190        6.061370        9.722700       35.159760        5.438090        8.274370        6.920290        7.274010        6.571700        6.305600 
       4.166280        6.981930       11.095710       11.991460        4.816070        7.433210        9.437520        6.828900        3.351280        7.097620        8.735840        5.298110        4.190670       16.904280        4.792840        7.196720        3.069910        3.407420        3.920200        5.502570 
       2.438090        3.742830        4.926360        5.106080        2.845720        3.666160        3.973770        4.667790        2.357720        3.554980        3.956440        4.939140        2.910190       16.155930        4.471680        6.685040        2.178630        2.764490        4.126390        5.121080 
       3.113600        4.994030        4.066750        3.542140        6.167110        4.451030        2.778660        3.594590        8.804680        4.810720        2.826520        3.984530       11.403820       36.775960        3.718530        5.308650        8.071600        8.124130        6.068910        4.093370 
       3.552860        5.824930        8.508210        9.019920        4.538650        6.025980        7.025170        5.694620        4.014840        5.850140        6.605760        4.889500        5.065720       20.164270        4.429220        6.631270        3.684520        4.009330        4.229510        5.042520 
       2.219170        3.340190        5.355550        5.780490        2.413170        3.631730        4.431110        3.401720        1.813650        3.423200        4.200780        2.827150        2.208650        8.568970        2.760480        3.685130        1.675490        1.844140        2.161970        2.772730 
       2.425860        3.621950        3.729330        3.576580        2.950220        3.173220        2.751170        5.531400        2.722220        3.157930        3.072580        6.842340        3.371160       23.018070        6.021590        9.361740        2.521390        3.515330        5.963750        7.167900 
       4.483780        7.501330        5.991180        5.154700        9.329840        6.562980        3.955270        5.258040       13.495360        7.166450        4.031370        5.819530       17.568600       57.492690        5.198230        7.921890       12.349090       12.426760        9.148950        6.022430 
      24.918840       45.468650       35.764150       30.625110       39.706520       34.849890       24.203300       34.375360       42.677130       31.719000       24.448740       38.335960       56.185170      181.012330       31.579150       54.127420       38.981630       46.249180       53.659560       41.537470 
      10.034720       17.481460       16.783080       15.711780       14.138160       14.442260       12.332870       25.425830       13.530940       14.758890       13.504180       31.278180       17.555860      120.888210       25.937430       43.972100       12.388940       21.212760       40.869290       33.741530 
       2.970600        4.656340        4.730490        4.509160        3.731800        3.987240        3.456050        7.200530        3.406060        4.015180        3.866240        8.929540        4.265110       30.663960        7.680070       12.356400        3.136140        4.488510        7.773920        9.440640 
       2.471920        3.806750        3.171130        2.800240        4.686520        3.443120        2.190080        2.786330        6.637770        3.669350        2.243270        3.087990        8.535090       27.288440        2.989840        4.031970        6.095400        6.122800        4.610740        3.119040 
       2.349990        3.567570        3.120160        2.808000        4.024980        3.190650        2.174050        3.088580        5.329060        3.299700        2.276530        3.550820        6.806760       25.244870        3.344880        4.697560        4.897620        6.506290        9.043780        3.599000 
       4.169570        6.900030        6.316250        5.787810        6.278640        5.763150        4.464750        8.188770        6.903630        5.812240        4.817440        9.870880        8.858580       49.549760        8.447080       13.694100        6.326660       13.249160       27.970550       10.473270 
       4.016100        6.631950        6.606940        6.252930        5.230070        5.535080        4.814200       10.322500        4.717650        5.650110        5.379490       12.823880        5.966610       44.723360       10.789840       17.915540        4.326590        6.344800       11.171720       13.712300 
       6.113655       10.343250        5.429130        3.333429        6.246960        6.124803        2.628492        2.313071        2.578495        2.612290        2.543803        2.121932        3.175105        9.503162        2.258748        2.530634        2.358336        2.489899        2.355374        2.101829 
      22.680984       42.429981       19.683048       11.367039       23.277684       22.426060        8.576871        7.160769        8.347243        8.181097        8.136863        5.968719       10.635842       37.263120        5.475319        8.316686        7.554471        7.937477        7.151962        6.246024 
       6.226600       10.519625        9.841566        9.418519        6.592501        8.255756        7.393031        5.560135        3.538848        5.897563        6.800455        4.385885        4.349340       16.516965        4.183561        6.001224        3.274546        3.518650        3.829085        4.661704 
       4.037933        6.881932       10.381606       11.203036        4.788656        7.172323        9.130323        6.484626        3.427694        6.769065        8.441737        5.123801        4.209336       15.752684        4.893523        7.112900        3.089650        3.386894        3.880791        5.548860 
       7.326644       12.392722        6.603239        4.244406        8.227803        7.570211        3.317941        3.146991        5.145015        3.962533        3.241581        3.055386        6.429834       21.562794        3.021018        3.912646        4.613660        4.768353        3.947087        3.041074 
      18.668550       34.082783       18.345195       12.533444       19.161746       20.003348        9.799704        7.613856        7.940887        9.059859        9.175126        6.428998       10.223419       36.991357        5.944209        8.939019        7.596152        7.669677        7.194434        6.662514 
       4.545653        7.448294       12.130157       12.757710        5.269920        7.986294        9.916035        7.206806        3.565661        7.637831        9.466750        5.720971        4.432330       18.291079        5.222721        7.813746        3.320627        3.725695        4.231464        5.906476 
       2.658740        4.057584        5.376959        5.502917        2.989083        4.009325        4.327361        5.025777        2.522786        3.774282        4.248382        5.408371        3.134451       17.191247        4.773809        7.327256        2.333173        2.926325        4.349559        5.542994 
       3.285890        5.485858        4.461951        3.851568        6.604926        4.868014        2.977297        3.865728        9.259021        5.214134        2.983192        4.218504       11.982625       39.575824        4.086491        5.831341        8.689749        8.901187        6.390710        4.451763 
       3.898442        6.401521        8.977749        9.646569        4.774828        6.512829        7.601750        6.207052        4.347298        6.284067        6.982657        5.197610        5.469136       21.300329        4.789578        7.038401        3.940813        4.348502        4.622244        5.381017 
       2.400123        3.528061        5.697523        6.185435        2.574386        3.988524        4.699645        3.616919        1.962085        3.711080        4.475240        3.100400        2.397461        9.185812        2.965972        4.028935        1.837719        1.963525        2.322374        3.008721 
       2.552646        3.837817        4.007342        3.840204        3.111408        3.396446        3.003067        5.898807        2.914783        3.356425        3.290718        7.314791        3.555284       25.142291        6.445832        9.966223        2.685211        3.812825        6.445162        7.879702 
       4.880159        8.073447        6.486307        5.541637       10.018267        7.171959        4.294867        5.755915       14.363351        7.606428        4.411629        6.237679       19.130483       61.982513        5.701419        8.594793       13.009037       13.384432        9.698845        6.325932 
      26.659174       49.190774       39.336690       32.769812       41.788183       36.776169       26.288468       37.183393       46.361088       33.510557       26.782290       40.264458       60.972064      192.404114       33.631164       58.489974       41.356729       50.227651       58.735086       45.527055 
      10.931083       19.095642       17.709307       16.708685       15.351038       15.737643       12.991179       27.882708       14.307605       16.208722       14.816538       34.040400       18.768006      131.205231       27.839181       47.782000       13.334359       22.468292       43.220207       36.737511 
       3.133173        4.896326        5.198710        4.756863        4.036294        4.286462        3.726916        7.779460        3.658414        4.261217        4.126383        9.416499        4.597837       32.925599        8.428471       13.471670        3.309285        4.713374        8.252047       10.084071 
       2.702821        4.098091        3.463090        3.074615        4.948750        3.718784        2.328405        2.992917        7.007783        3.875287        2.418055        3.376221        9.225748       29.004263        3.196456        4.275891        6.594936        6.601214        5.028601        3.359048 
       2.473449        3.805009        3.428543        2.976530        4.364334        3.404955        2.366634        3.329015        5.777550        3.510817        2.481496        3.745900        7.399960       26.920029        3.533495        4.992915        5.191624        6.861806        9.765706        3.780493 
       4.555287        7.395648        6.845431        6.215744        6.737950        6.329405        4.840964        8.832548        7.279856        6.258353        5.082842       10.614713        9.318541       53.293325        9.067599       14.543216        6.697519       14.307209       29.772583       11.481986 
       4.221342        7.140220        7.171767        6.856373        5.721681        5.840618        5.294099       11.246759        4.964359        6.132569        5.874425       13.715000        6.414074       48.289136       11.560000       19.618629        4.562673        6.852779       12.059846       14.597195 
       6.543161       10.950865        5.806420        3.522099        6.672744        6.719218        2.886275        2.478999        2.774709        2.861333        2.774125        2.273689        3.421787       10.359830        2.484585        2.742062        2.487182        2.659189        2.584241        2.269154 
      24.522417       45.614593       21.603777       12.142025       24.794814       23.611903        9.121737        7.560242        9.139718        8.909698        8.697680        6.427106       11.521940       40.272077        5.969789        8.920494        8.068669        8.364813        7.562850        6.599318 
       6.811882       11.290723       10.353077       10.174081        7.156576        8.880261        8.007022        5.921331        3.788680        6.389074        7.343566        4.780216        4.672451       17.549962        4.575928        6.460158        3.539357        3.835942        4.136171        5.011520 
       4.400869        7.377835       11.157525       11.987269        5.250474        7.810789        9.996850        6.831537        3.745028        7.275986        9.049214        5.614602        4.474625       16.832902        5.309033        7.807617        3.296455        3.667876        4.265122        5.973395 
       7.880418       13.240341        7.145764        4.618186        8.905485        8.158175        3.614694        3.427643        5.533431        4.211541        3.495148        3.287457        7.057933       23.138003        3.305879        4.133652        4.905831        5.121399        4.297202        3.216887 
      20.259909       35.949499       20.118885       13.342397       20.500823       21.662368       10.427472        8.088528        8.417214        9.623615        9.882645        6.887408       11.103862       40.049943        6.511391        9.820017        8.312486        8.275981        7.708180        7.274100 
       4.827206        8.087844       12.879579       13.628639        5.739689        8.396808       10.682971        7.741647        3.907727        8.092938       10.032872        6.165989        4.726863       19.243340        5.624925        8.376569        3.509095        4.024182        4.619685        6.460144 
       2.859608        4.313928        5.774820        5.796956        3.154953        4.310174        4.646238        5.415429        2.716159        4.122470        4.659886        5.856546        3.410690       18.380841        5.014124        7.797064        2.532479        3.089726        4.783971        5.831749 
       3.586044        5.932033        4.852384        4.102660        7.230809        5.303249        3.175659        4.224760       10.104136        5.668117        3.234970        4.599015       13.164431       42.077530        4.383901        6.358097        9.169824        9.469182        6.934555        4.828221 
       4.099669        6.957979        9.664348       10.476391        5.032273        7.113646        8.220118        6.742893        4.677508        6.624995        7.471872        5.555044        5.822451       23.114989        5.135733        7.531886        4.167151        4.581952        4.913506        5.906244 
       2.583507        3.771909        6.181769        6.624260        2.807516        4.346344        5.038260        3.975984        2.116994        4.003163        4.786692        3.354368        2.634013        9.978297        3.226593        4.354586        1.949307        2.088526        2.543498        3.308753 
       2.771191        4.078098        4.248007        4.118395        3.348046        3.576602        3.162826        6.197023        3.108482        3.576354        3.590134        7.919594        3.804242       27.548330        6.804595       10.859403        2.945258        4.083028        6.881160        8.493988 
       5.366172        8.713913        6.852024        5.966988       10.869194        7.572100        4.604684        6.136038       15.678154        8.065745        4.817120        6.773071       20.191104       66.129877        6.120043        9.029909       14.248701       14.161287       10.454089        6.795333 
      29.187349       52.940094       42.410863       35.825174       45.251614       40.146485       27.867565       39.497326       50.241868       35.507005       28.482512       43.283278       66.619613      210.304561       36.237330       61.690706       45.211638       53.053119       63.991972       48.894448 
      11.830886       20.897481       19.295076       18.194527       16.491813       16.957217       14.096977       29.281354       15.709591       17.513503       15.786032       35.979385       20.404500      141.120402       29.721748       50.730698       14.246200       23.760457       45.806863       39.575034 
       3.427142        5.143489        5.658529        5.103027        4.375283        4.527413        3.919541        8.281313        4.010193        4.526783        4.502419       10.037263        4.843733       35.995888        9.076175       14.302348        3.615273        5.152303        8.999105       10.985412 
       2.874503        4.331467        3.645239        3.348241        5.351211        3.942283        2.445962        3.268648        7.533105        4.222894        2.590389        3.638605       10.096911       31.689063        3.385271        4.637555        7.152849        7.096331        5.517135        3.632599 
       2.679643        4.077875        3.740682        3.150959        4.662093        3.611355        2.532577        3.512758        6.143851        3.724780        2.703366        3.944455        7.795060       29.321980        3.760308        5.425367        5.546127        7.402330       10.730996        3.988024 
       5.004512        7.891497        7.339290        6.792807        7.386833        6.922727        5.274393        9.521898        7.929216        6.806310        5.521889       11.307292        9.846010       56.580834        9.927121       15.531975        7.053949       15.609668       32.693735       12.482520 
       4.642040        7.753939        7.593719        7.363575        6.093345        6.392605        5.761483       11.976852        5.313775        6.715909        6.348851       14.667792        6.837027       51.441038       12.674811       20.684371        4.950438        7.398301       12.809597       15.494534 
       3.000000        3.000000        3.000000 
       0.750000        0.750000        0.750000 
       2.000000        2.000000        2.000000 
   35399.245529
   51597.412482
   48142.558758
   46589.530742
   48345.214896
   49457.030739
   39882.164367
   37789.529176
   47271.557817
   41373.920777
   34387.198034
   44831.749897
   50116.916375
   56072.288326
   54952.897552
   49355.968035
   37818.817166
   40446.998465
   51608.437573
   48779.901039
   3
   3
   3
   3
   3
   3
   3
   3
   3
   3
   3
   3
   3
   3
   3
   3
   3
   3
   3
   3
    1869.755130    2027.580450    2157.108110
     514.323903     547.846703     576.059128
    3108.620114    3265.497896    3566.649814
    3382.549883    3643.165305    3960.462135
    5307.023938    5708.431704    6152.177910
    3680.734306    4040.231304    4426.764072
    4815.308329    5135.995788    5403.744075
    3313.371881    3517.384867    3726.364784
    4122.595867    4445.947947    4707.349391
    4536.979079    4960.153078    5367.991591
    2069.924741    2190.123397    2356.803907
    2600.275651    2776.907433    3047.479424
    1983.294653    2153.539501    2338.217328
    3493.962964    3758.209444    3950.117038
    3944.806759    4171.193427    4497.784370
    2176.440652    2380.956465    2536.143354
    4783.309615    5132.966968    5456.677399
    2861.394097    3143.516537    3335.833517
    4212.933927    4538.254407    4877.248871
    2459.302215    2622.796616    2878.772827
   21938.792235    23669.618137    25190.080685 
   32202.815636    34194.521528    36797.487801 
   30250.707057    31984.211906    34050.198554 
   28548.971654    30959.215144    33670.874686 
   29647.993415    32298.551374    34743.885003 
   31292.380591    32963.195290    34658.485597 
   25028.562814    26621.348581    28114.417339 
   23721.798292    25088.912903    26768.347157 
   29186.541657    31751.620671    33604.953307 
   25415.539812    27822.092906    29510.208836 
   21475.782819    23040.440458    24258.172790 
   27418.701689    29662.019601    32582.778504 
   31102.999507    33679.839423    35450.993820 
   34024.193109    37397.330477    40723.053066 
   33689.160253    36710.512577    39506.122274 
   30765.773415    32715.029821    35231.132835 
   23302.722621    25418.898870    26916.012842 
   25566.097980    26985.041014    28342.857935 
   31647.594346    34101.449180    37467.831620 
   30835.013991    32409.889275    34314.898813 
