  20   3
   12944.330389     19522.690462
   23487.769950     14749.226168
   31004.306839     21458.349354
   49728.492698     17946.318136
   18262.371247     34230.973732
   27200.416014     29683.344889
   32659.905655     31322.779442
   42235.109422     32882.346795
   19237.531679     39507.847120
   30240.587168     38106.082073
   35623.768986     38814.054724
   44607.978078     38388.838796
   21747.098038     44784.848319
   28875.463979     47422.816531
   32361.143193     45963.285683
   42755.672541     42966.140950
   12890.344693     52475.699722
   25061.003075     51526.124012
   31592.466525     49745.987221
   36010.099570     49567.603065
       5.705460        9.801600        5.028110        3.105340        5.765610        5.686550        2.481790        2.106570        2.385470        2.387700        2.395230        1.960420        2.928670        8.977840        2.116820        2.387880        2.221080        2.296100        2.145720        1.931400 
      21.242070       38.706030       18.462480       10.396320       21.816160       21.235420        8.125360        6.556210        7.616900        7.703460        7.724360        5.570820        9.837080       35.026640        5.002580        7.573220        6.988030        7.325980        6.503940        5.804640 
       5.763190        9.909430        9.328980        8.665890        6.206380        7.668480        6.870660        5.133030        3.305500        5.459250        6.386530        4.145890        4.137130       15.146830        3.880890        5.526760        3.062270        3.296260        3.502540        4.305820 
       3.820190        6.300870        9.807810       10.572880        4.417340        6.705600        8.417020        6.155510        3.140530        6.383920        7.783160        4.853200        3.916860       14.961050        4.480330        6.524150        2.917080        3.207170        3.689520        5.099640 
       6.729460       11.728550        6.264410        4.029870        7.678670        7.051290        3.131920        2.961690        4.736540        3.615740        3.060780        2.868090        6.021830       19.653960        2.814570        3.714970        4.359170        4.446220        3.671800        2.874920 
      17.206470       31.148110       17.379000       11.642120       18.144860       18.311490        9.089200        7.225690        7.553090        8.297470        8.524190        6.061370        9.722700       35.159760        5.438090        8.274370        6.920290        7.274010        6.571700        6.305600 
       4.166280        6.981930       11.095710       11.991460        4.816070        7.433210        9.437520        6.828900        3.351280        7.097620        8.735840        5.298110        4.190670       16.904280        4.792840        7.196720        3.069910        3.407420        3.920200        5.502570 
       2.438090        3.742830        4.926360        5.106080        2.845720        3.666160        3.973770        4.667790        2.357720        3.554980        3.956440        4.939140        2.910190       16.155930        4.471680        6.685040        2.178630        2.764490        4.126390        5.121080 
       3.113600        4.994030        4.066750        3.542140        6.167110        4.451030        2.778660        3.594590        8.804680        4.810720        2.826520        3.984530       11.403820       36.775960        3.718530        5.308650        8.071600        8.124130        6.068910        4.093370 
       3.552860        5.824930        8.508210        9.019920        4.538650        6.025980        7.025170        5.694620        4.014840        5.850140        6.605760        4.889500        5.065720       20.164270        4.429220        6.631270        3.684520        4.009330        4.229510        5.042520 
       2.219170        3.340190        5.355550        5.780490        2.413170        3.631730        4.431110        3.401720        1.813650        3.423200        4.200780        2.827150        2.208650        8.568970        2.760480        3.685130        1.675490        1.844140        2.161970        2.772730 
       2.425860        3.621950        3.729330        3.576580        2.950220        3.173220        2.751170        5.531400        2.722220        3.157930        3.072580        6.842340        3.371160       23.018070        6.021590        9.361740        2.521390        3.515330        5.963750        7.167900 
       4.483780        7.501330        5.991180        5.154700        9.329840        6.562980        3.955270        5.258040       13.495360        7.166450        4.031370        5.819530       17.568600       57.492690        5.198230        7.921890       12.349090       12.426760        9.148950        6.022430 
      24.918840       45.468650       35.764150       30.625110       39.706520       34.849890       24.203300       34.375360       42.677130       31.719000       24.448740       38.335960       56.185170      181.012330       31.579150       54.127420       38.981630       46.249180       53.659560       41.537470 
      10.034720       17.481460       16.783080       15.711780       14.138160       14.442260       12.332870       25.425830       13.530940       14.758890       13.504180       31.278180       17.555860      120.888210       25.937430       43.972100       12.388940       21.212760       40.869290       33.741530 
       2.970600        4.656340        4.730490        4.509160        3.731800        3.987240        3.456050        7.200530        3.406060        4.015180        3.866240        8.929540        4.265110       30.663960        7.680070       12.356400        3.136140        4.488510        7.773920        9.440640 
       2.471920        3.806750        3.171130        2.800240        4.686520        3.443120        2.190080        2.786330        6.637770        3.669350        2.243270        3.087990        8.535090       27.288440        2.989840        4.031970        6.095400        6.122800        4.610740        3.119040 
       2.349990        3.567570        3.120160        2.808000        4.024980        3.190650        2.174050        3.088580        5.329060        3.299700        2.276530        3.550820        6.806760       25.244870        3.344880        4.697560        4.897620        6.506290        9.043780        3.599000 
       4.169570        6.900030        6.316250        5.787810        6.278640        5.763150        4.464750        8.188770        6.903630        5.812240        4.817440        9.870880        8.858580       49.549760        8.447080       13.694100        6.326660       13.249160       27.970550       10.473270 
       4.016100        6.631950        6.606940        6.252930        5.230070        5.535080        4.814200       10.322500        4.717650        5.650110        5.379490       12.823880        5.966610       44.723360       10.789840       17.915540        4.326590        6.344800       11.171720       13.712300 
       6.114281       10.449277        5.427564        3.357619        6.225361        6.021405        2.639618        2.316722        2.588712        2.597038        2.531910        2.124830        3.155151        9.552083        2.248111        2.607116        2.358919        2.417622        2.272664        2.081947 
      22.766751       41.867765       19.502322       11.067986       23.611780       22.491419        8.864979        7.057925        8.352880        8.254636        8.273248        6.043218       10.588498       37.457190        5.320281        8.008206        7.580425        7.959689        6.970889        6.352943 
       6.126276       10.673935        9.826106        9.110676        6.555424        8.314510        7.403368        5.513523        3.486795        5.877153        6.825617        4.554298        4.469204       16.306822        4.167560        5.887508        3.339030        3.608764        3.797376        4.553332 
       4.177364        6.661862       10.467571       11.506457        4.780318        7.209559        8.930089        6.578000        3.446043        6.961389        8.531476        5.245468        4.208087       15.972988        4.890078        6.903728        3.123867        3.485741        3.960421        5.584321 
       7.098926       12.817254        6.788063        4.328239        8.142655        7.510720        3.360685        3.159885        5.003549        3.900099        3.223907        3.125865        6.435641       21.243485        3.039924        3.920695        4.778551        4.855962        3.920899        3.072454 
      18.494973       32.837410       18.938586       12.470236       19.279474       19.386921        9.566961        7.716176        8.112996        9.092588        9.319364        6.586789       10.246964       37.642468        5.754406        8.928792        7.274425        7.990533        7.139160        6.914530 
       4.414671        7.487319       11.975626       13.036500        5.105619        8.026152       10.341813        7.345137        3.581734        7.579564        9.444476        5.801000        4.451284       17.788496        5.163452        7.755533        3.349445        3.615940        4.250343        6.032289 
       2.630376        4.062742        5.195613        5.544889        3.082157        3.927156        4.314276        5.033647        2.590826        3.894090        4.335445        5.224926        3.076895       16.975782        4.804139        7.213506        2.289736        2.942119        4.334183        5.632985 
       3.297188        5.312324        4.439679        3.814268        6.486297        4.891338        2.995283        3.936255        9.322274        5.122065        2.979133        4.360730       12.373320       40.190309        3.941083        5.702842        8.871321        8.550692        6.599928        4.440289 
       3.794373        6.388642        9.355526        9.654799        4.787052        6.526934        7.472339        6.092220        4.410044        6.290735        7.063428        5.135191        5.489474       21.874051        4.701979        7.047781        3.952057        4.221525        4.471938        5.343375 
       2.437592        3.556471        5.886349        6.169364        2.558614        3.922971        4.761357        3.577443        1.990598        3.696731        4.586897        3.098959        2.397737        9.142806        2.981124        3.965173        1.826052        2.021820        2.366917        3.006170 
       2.626539        3.894997        3.958721        3.907141        3.133075        3.334936        2.922892        5.828759        2.980518        3.392498        3.251180        7.351668        3.691650       24.862880        6.576097        9.881268        2.749071        3.752977        6.531013        7.853124 
       4.803249        7.987450        6.297129        5.576930       10.022695        6.931889        4.221910        5.707526       14.612175        7.825378        4.313721        6.213872       18.562681       62.387561        5.543610        8.639168       13.367201       13.475812        9.694196        6.464192 
      26.625408       48.336684       37.781129       32.318057       42.355055       38.313980       25.458486       36.558400       46.281053       34.576875       26.512150       41.890404       61.476953      196.448124       33.985245       58.668543       41.918368       49.234974       56.861005       43.650155 
      10.696055       19.162171       18.174943       17.178571       15.054636       15.480197       13.225664       27.276956       14.744851       16.046729       14.404761       33.986515       18.506385      131.674883       28.199227       46.573764       13.552613       22.649462       44.830120       36.375814 
       3.228686        4.962639        5.057143        4.832474        3.933953        4.294615        3.793449        7.865415        3.718283        4.260224        4.147090        9.719224        4.627424       32.240206        8.417666       13.210850        3.407895        4.825124        8.227883       10.148580 
       2.658131        4.186780        3.446435        2.952400        4.974817        3.615859        2.322292        2.942785        6.970276        3.919302        2.374086        3.391992        9.305871       29.191435        3.187427        4.431408        6.590201        6.583659        5.053479        3.358553 
       2.520482        3.842299        3.281301        2.982417        4.255685        3.438208        2.319662        3.303797        5.646564        3.593347        2.501956        3.772363        7.161598       27.457947        3.541850        4.981998        5.329359        7.136179        9.529821        3.913230 
       4.551005        7.492904        6.946728        6.232260        6.805494        6.289717        4.816165        8.795312        7.465168        6.149077        5.166049       10.392003        9.711239       52.989829        9.214940       14.701567        6.953099       14.351080       30.256628       11.106774 
       4.302419        7.011293        6.966111        6.605603        5.597054        6.048942        5.233516       11.148171        5.009532        6.197352        5.853756       13.926670        6.388199       48.161519       11.528865       19.082891        4.666880        6.970286       11.953147       14.401242 
       6.625021       11.416505        5.945723        3.529624        6.549872        6.533758        2.860293        2.450552        2.758234        2.749439        2.744627        2.244498        3.408607       10.058969        2.411966        2.756567        2.531977        2.632866        2.409318        2.267628 
      24.371061       45.478727       21.191954       11.665398       25.650456       24.546102        9.567614        7.438683        9.170910        8.972794        8.738392        6.440951       11.442425       40.984684        5.788459        8.431797        8.303060        8.380873        7.401009        6.715590 
       6.636195       11.460628       10.703924        9.782027        7.045805        9.063975        7.917189        5.992362        3.663619        6.404926        7.287477        4.837317        4.822858       17.904460        4.558611        6.409886        3.548582        3.865465        4.024248        4.836729 
       4.418123        7.203612       11.329795       12.333263        5.132229        7.846344        9.531161        7.148905        3.641688        7.611256        9.159288        5.766245        4.583055       17.500798        5.343671        7.537625        3.363374        3.804390        4.230019        5.942086 
       7.637157       13.715835        7.431165        4.641402        8.859073        7.973920        3.548509        3.385200        5.374307        4.149236        3.511444        3.397517        6.918653       23.050222        3.197176        4.221433        5.049401        5.279264        4.132811        3.363032 
      19.759203       36.030607       20.219037       13.535098       20.637987       21.321234       10.369833        8.204480        8.605615        9.947597       10.210402        7.088392       11.110186       40.247297        6.252391        9.761450        7.971309        8.776711        7.496608        7.407781 
       4.723322        8.186364       13.047354       13.702309        5.581777        8.671499       11.058910        7.726998        3.864658        8.172244       10.387035        6.223412        4.802135       19.478232        5.632752        8.175298        3.631317        3.949504        4.574356        6.430812 
       2.785781        4.272140        5.476649        6.051590        3.283955        4.311997        4.629318        5.507763        2.784689        4.193387        4.703469        5.514939        3.302411       18.075216        5.186299        7.729164        2.404621        3.193766        4.704209        6.097899 
       3.610113        5.724354        4.793098        4.165109        6.932155        5.202281        3.230224        4.277541       10.025648        5.517190        3.180395        4.739996       12.996575       43.781827        4.246410        6.244270        9.589985        9.241504        7.010684        4.823297 
       4.045129        6.972729        9.889799       10.603086        5.244873        6.921494        7.934666        6.663764        4.819979        6.761691        7.582218        5.509348        5.927734       23.977577        4.945071        7.736169        4.223058        4.494860        4.778848        5.865393 
       2.679328        3.835034        6.303811        6.689778        2.689465        4.167398        5.098759        3.806892        2.124379        3.937560        4.850119        3.331412        2.533375        9.885403        3.149172        4.311343        1.989133        2.187752        2.563165        3.281530 
       2.853399        4.264307        4.200700        4.191553        3.366270        3.599445        3.072462        6.139889        3.238197        3.609681        3.538381        7.772257        3.918707       26.893636        7.231028       10.402141        2.945001        3.983015        7.123582        8.395895 
       5.272163        8.577910        6.829792        5.978244       10.649759        7.452780        4.566252        6.066112       15.978898        8.410317        4.725958        6.595291       20.217897       67.065057        5.822829        9.328810       14.534154       14.338721       10.191420        6.899731 
      29.060918       51.849196       40.864027       35.511150       45.980512       41.142949       27.920812       39.843156       49.815444       37.700740       28.872247       44.511383       66.644717      209.336229       37.064059       62.111988       45.876608       53.393810       62.294010       46.920153 
      11.680529       21.041574       19.580039       18.656367       16.263436       16.754324       14.000770       29.931313       15.622446       17.162781       15.551906       36.140920       20.198968      142.231538       30.667553       50.913466       14.547603       24.350816       47.784158       38.615624 
       3.422799        5.283915        5.544653        5.200651        4.144823        4.607009        4.100605        8.455063        3.960419        4.552577        4.520394       10.630681        4.917727       35.076118        9.027970       14.448195        3.627754        5.297844        8.948259       11.061416 
       2.824362        4.434803        3.626787        3.117887        5.338633        3.906915        2.502518        3.144906        7.340839        4.259177        2.539486        3.599469        9.929921       31.494848        3.403369        4.715824        6.937410        7.102001        5.437545        3.636512 
       2.749069        4.211156        3.594124        3.180351        4.582066        3.640449        2.546988        3.548735        6.146866        3.844372        2.670226        4.078802        7.568471       30.052822        3.762266        5.327615        5.776134        7.544309       10.375412        4.143209 
       4.795431        8.061966        7.447417        6.641340        7.163828        6.747841        5.252313        9.338312        8.007883        6.756075        5.536889       11.335742       10.383842       55.719532        9.716057       15.651895        7.641629       15.213975       32.672348       12.209723 
       4.643880        7.613459        7.461745        7.021480        6.064196        6.611091        5.496629       12.261457        5.383362        6.753292        6.272551       15.099495        6.888813       50.775369       12.242404       20.547143        4.960705        7.357590       12.769206       15.126424 
       3.000000        3.000000        3.000000 
       0.750000        0.750000        0.750000 
       2.000000        2.000000        2.000000 
   41599.034712
   97874.842138
   64443.729903
   57656.646033
   54628.525167
   76921.604770
   50265.776611
   43640.045257
   57904.965298
   45740.131219
   37003.847826
   56708.731430
   80170.636538
  341145.484315
  129975.331098
   68767.943192
   48041.632588
   48075.139411
   77142.891762
   74811.797457
   3
   3
   3
   3
   3
   3
   3
   3
   3
   3
   3
   3
   3
   3
   3
   3
   3
   3
   3
   3
    1869.755130    1970.897774    2155.178853
     514.323903     557.018893     598.073262
    3108.620114    3354.168565    3542.943553
    3382.549883    3562.774646    3855.346871
    5307.023938    5639.257537    6025.987349
    3680.734306    3891.966244    4205.133708
    4815.308329    5125.040215    5405.371332
    3313.371881    3624.176824    3939.604198
    4122.595867    4494.248510    4889.701784
    4536.979079    4847.957450    5276.479490
    2069.924741    2255.180069    2375.747241
    2600.275651    2834.488537    3060.649876
    1983.294653    2087.368143    2260.125298
    3493.962964    3760.848550    4003.897135
    3944.806759    4190.726644    4468.194265
    2176.440652    2375.609516    2566.186805
    4783.309615    5179.512525    5550.141607
    2861.394097    3014.733281    3292.124259
    4212.933927    4571.175387    4910.299211
    2459.302215    2660.248681    2855.494877
   26097.797831    27718.566114    29381.705480 
   60815.372091    64823.577879    70110.734306 
   39234.510496    42770.789146    46882.160165 
   36324.522969    38395.609456    40593.159641 
   34321.568488    36096.775102    38838.706744 
   47241.500005    51014.750315    55586.959221 
   30455.547229    33425.583520    36650.422473 
   26590.761368    29139.472110    31549.857036 
   35619.949621    39079.597179    41110.383795 
   28436.869571    30610.445497    32432.947370 
   23067.471321    24715.218260    26225.006072 
   34993.610139    38009.562334    40414.290387 
   49198.838416    53697.333275    57445.101384 
  212142.351474   228747.231418   241401.385738 
   79500.109808    86814.571247    93635.981141 
   42939.112152    45668.753915    48928.020316 
   29835.147680    32043.624240    34204.493257 
   29530.686951    32165.305147    34454.286724 
   47326.143271    51743.750710    55215.889543 
   45665.662282    49664.874465    54293.058168 
