  25   2
   12636.458666     19644.937323
   22994.534778     18316.494403
   25109.378582     13461.033597
   35977.228047     21761.232473
   54465.361743     14583.894817
   16506.581868     34491.875431
   25889.015264     30419.914066
   30357.653722     31045.622535
   36139.999010     31567.076132
   44386.053399     32801.278396
   16426.282935     39421.335995
   25369.507032     39226.369325
   32669.659200     38251.496820
   37849.577610     38326.663893
   45698.532454     38341.097688
   20768.868324     45081.383853
   25455.421410     46525.809402
   30305.016305     47419.112486
   33111.914338     45662.965076
   43694.252316     42765.665419
    7921.644053     53604.716499
   20487.772224     51738.538989
   30630.362612     49230.520041
   32246.728387     50584.339668
   36425.403965     49852.413015
       5.345460        5.717770        6.757430        3.047790        1.972060        3.426410        6.668170        2.156860        1.768670        1.200410        1.526760        1.859880        1.949350        1.493080        1.479750        2.122810        3.461100        6.487050        1.454950        1.925300        1.240650        2.294200        1.556390        1.162510        1.500550 
      17.430350       18.712610       22.325740        9.436600        5.680220       10.867830       22.050050        6.650960        5.243720        3.226450        4.243930        5.575860        5.879510        4.306530        3.968040        6.370390       11.137180       21.145960        3.515760        5.724410        3.310340        7.075640        4.422560        3.177480        4.432860 
       7.004810        7.503180        8.882260        3.929290        2.477290        4.455500        8.776240        2.776380        2.250370        1.474280        1.898220        2.377930        2.481960        1.867980        1.810680        2.688510        4.515400        8.466130        1.711020        2.437890        1.525200        2.961650        1.934660        1.415490        1.885750 
       3.554450        3.788910        4.445980       11.721730        6.970010        2.941830        4.561440        8.287480        6.511440        3.261900        2.068590        3.579460        7.176080        5.074940        4.030820        2.962840        5.167660       12.179420        3.572650        5.829340        1.665860        3.250010        2.916610        2.144450        4.511270 
       2.395840        2.544000        2.950550        7.490880        4.531440        2.018470        3.029260        5.309870        4.222590        2.211110        1.479350        2.403310        4.636970        3.320120        2.713240        2.041350        3.394700        7.804820        2.496960        3.811130        1.222190        2.198930        2.009830        1.501320        2.980790 
       4.501310        4.812750        5.667270        3.142650        2.027140        3.794980        5.831320        2.221430        1.820170        1.591140        2.693830        3.134650        2.010330        1.659380        1.960060        3.934330        6.701540       11.510830        1.836140        2.665730        2.131310        4.358060        2.437410        1.769720        2.067650 
      16.973660       18.238890       21.710660        9.400310        5.628140       10.906410       21.501890        6.537360        5.161660        3.285800        4.657460        5.987220        5.719490        4.262600        4.079420        6.986860       12.299030       23.104520        3.576260        5.896770        3.605910        7.807020        4.660240        3.320040        4.497450 
       4.686500        5.023270        5.947530       13.692230        8.066480        3.671140        5.997800        9.565500        7.481470        3.662820        2.356090        4.127680        8.281150        5.769510        4.556740        3.409920        6.149180       14.694830        3.909720        6.668250        1.825570        3.820990        3.262950        2.325220        5.059960 
       2.326440        2.475210        2.887780        7.481280        4.510500        1.941990        2.932000        5.245780        4.157020        2.134870        1.413960        2.314710        4.591590        3.239040        2.640470        1.950350        3.284960        7.733870        2.374800        3.717170        1.143050        2.108250        1.909870        1.389110        2.842410 
       1.232390        1.285630        1.468100        2.012640        1.377970        1.219480        1.539320        1.406860        1.187530        2.468210        1.095360        1.511110        1.312970        1.577410        3.056170        1.464570        2.443820       10.748090        2.691770        4.354290        0.907320        1.539320        2.544630        1.842170        3.338770 
       1.277200        1.334080        1.516570        1.581890        1.138140        2.056090        1.810900        1.144310        0.994610        1.203880        2.331230        2.559900        1.084500        1.023710        1.476970        3.375910        5.723000        9.440390        1.451370        1.931550        1.846080        3.737900        1.956490        1.429410        1.496180 
       2.763520        2.935810        3.454000        4.331670        2.691510        4.471370        4.111230        2.979930        2.391170        2.846150        5.013080        5.817280        2.658140        2.433070        3.543760        7.559290       13.259310       23.698770        3.077810        5.109960        3.855560        8.454040        4.575260        3.229640        3.880750 
       3.085700        3.289250        3.869390       10.363020        6.158460        2.542600        3.945890        7.226510        5.675540        2.812530        1.788730        3.081030        6.276450        4.388180        3.499390        2.546930        4.452320       10.734200        3.063070        5.045510        1.433980        2.791320        2.494280        1.812020        3.837750 
       1.598460        1.678380        1.957560        4.311790        2.670330        1.410160        1.998690        2.948050        2.372190        2.120900        1.133780        1.704900        2.638300        2.150510        2.649390        1.543480        2.584440        8.765480        2.317300        3.744200        0.924320        1.625300        2.050200        1.458080        2.802810 
       1.766610        1.850930        2.136800        2.963720        1.946770        1.746260        2.250210        2.066200        1.719090        3.715090        1.534490        2.227750        1.894390        2.331770        4.605840        2.118310        3.698650       16.602330        3.969450        6.680200        1.258610        2.272040        3.832160        2.769920        5.122490 
       3.029690        3.229030        3.791900        3.907750        2.481380        5.414760        4.645160        2.697080        2.189560        2.834300        6.268550        7.049580        2.426440        2.290660        3.523610        9.492340       16.656660       27.604810        3.073130        5.039510        4.817350       10.649450        5.165740        3.632750        3.812560 
       6.807450        7.302700        8.661490        8.901870        5.334560       12.441600       10.719840        6.168040        4.856680        6.559240       14.449120       16.482220        5.393870        5.219240        8.154530       22.258930       39.311970       65.929520        6.833210       12.120880       11.005030       24.969680       12.204730        8.517910        9.264510 
      21.837950       23.460530       27.931890       31.002870       18.139030       22.584500       30.073910       21.884090       17.008260       25.343520       19.280980       26.531470       18.872570       19.299360       31.514390       29.832290       54.406950      101.565590       26.160780       47.584770       14.679300       33.372790       48.259360       34.171100       36.621570 
       7.343920        7.850790        9.288450       13.483890        8.078500        7.275320        9.845440        9.435160        7.428450       17.236820        6.084200        9.951860        8.245150       10.568320       21.427580        9.127110       17.355620       81.102200       17.810050       32.162970        4.705740       10.141630       17.811520       12.791890       24.707410 
       2.428930        2.574710        3.007520        4.241390        2.667180        2.411710        3.164530        2.930860        2.377030        5.430080        2.070520        3.175720        2.635460        3.328750        6.738600        2.949080        5.403560       24.986040        5.684720        9.951930        1.649360        3.239960        5.592180        4.025090        7.618190 
       1.104910        1.149690        1.297460        1.356630        1.011920        1.724900        1.540140        0.988640        0.888750        1.042160        1.950680        2.117850        0.948340        0.885950        1.278140        2.783130        4.658620        7.676400        1.279470        1.622100        1.563860        3.065040        1.650220        1.216020        1.253720 
       2.358320        2.504760        2.923870        3.009210        1.944700        4.123220        3.564130        2.100860        1.724750        2.202350        4.759670        5.331230        1.909960        1.810140        2.727670        7.150860       12.453240       20.504500        2.431750        3.852380        3.684550        8.003610        3.948010        2.802080        2.953600 
       3.421680        3.641790        4.280940        5.311400        3.286030        4.238110        4.752140        3.698460        2.975700        5.661690        4.167160        5.467410        3.282960        3.767100        7.031240        6.214820       11.178180       36.077280        5.943210       10.384830        3.235110        6.939180       18.716320       13.247780        7.950620 
       2.162890        2.290080        2.675970        3.459690        2.194820        2.478670        2.899730        2.391470        1.950950        3.898100        2.347640        3.172460        2.160370        2.535130        4.845870        3.402120        6.107430       22.147740        4.122300        7.102410        1.842180        3.786300        9.901740        7.032280        5.422080 
       3.119780        3.329290        3.921310        5.592310        3.427890        3.104010        4.105230        3.832890        3.055030        7.239390        2.625650        4.164720        3.408190        4.377790        8.996490        3.804840        7.200510       33.882470        7.494060       13.409630        2.043020        4.257680        7.451140        5.342320       10.261260 
       5.730191        6.093586        7.257427        3.295189        2.143673        3.742862        7.118572        2.294666        1.941400        1.305178        1.668169        2.023859        2.123490        1.612250        1.596987        2.303217        3.741467        6.826082        1.582904        2.070234        1.336055        2.445399        1.693459        1.240054        1.624188 
      18.617366       19.964477       23.827227       10.282919        6.166931       11.753687       24.176355        7.035643        5.715946        3.433796        4.640716        6.032758        6.279594        4.697583        4.357076        6.807551       12.234515       22.272439        3.770475        6.236047        3.529371        7.607884        4.813298        3.423299        4.664514 
       7.662226        8.003457        9.576709        4.232384        2.686866        4.722678        9.508629        2.944897        2.411217        1.591817        2.000358        2.611753        2.729342        1.980494        1.904574        2.905932        4.902675        8.969765        1.805793        2.668477        1.657900        3.206404        2.115207        1.549481        2.049932 
       3.849804        4.049001        4.846793       12.678943        7.615024        3.142444        5.007484        8.868441        6.854380        3.532811        2.177679        3.761645        7.826301        5.462580        4.260009        3.168725        5.643335       12.790045        3.759384        6.299297        1.789998        3.514637        3.189325        2.333289        4.960029 
       2.605651        2.733991        3.098325        8.115467        4.852646        2.166863        3.220772        5.825835        4.533057        2.371891        1.592934        2.584708        4.981605        3.602792        2.927992        2.239782        3.664115        8.500470        2.672948        4.121212        1.342268        2.377068        2.133323        1.609457        3.265269 
       4.932037        5.171382        6.053188        3.399115        2.189273        4.091640        6.406088        2.405354        1.998462        1.689324        2.907876        3.335513        2.164815        1.780368        2.065621        4.177706        7.274577       12.616842        1.967122        2.919034        2.322020        4.763482        2.671923        1.940341        2.249222 
      18.456595       19.528420       22.910388       10.338634        6.138386       11.582107       23.427000        7.116868        5.430541        3.566472        4.989702        6.347455        6.097645        4.558349        4.307388        7.361097       13.230963       24.907007        3.918868        6.194722        3.938533        8.462350        5.031593        3.621708        4.741943 
       4.965942        5.391833        6.429938       14.637820        8.650990        3.976717        6.566289       10.360382        7.934806        3.999300        2.493977        4.527794        8.961267        6.078049        5.008013        3.707740        6.525268       15.540275        4.252690        7.306788        1.973980        4.028925        3.572391        2.493173        5.490590 
       2.462503        2.614150        3.125817        8.068022        4.929945        2.106959        3.216784        5.699325        4.555297        2.339545        1.493075        2.513961        4.894744        3.517255        2.799271        2.090649        3.612198        8.138867        2.580942        4.015320        1.212225        2.236918        2.083840        1.477087        3.020738 
       1.314671        1.409449        1.596966        2.207829        1.476977        1.286446        1.635333        1.485698        1.299013        2.710026        1.189088        1.647125        1.443454        1.664192        3.228453        1.558265        2.643520       11.341077        2.920062        4.705741        0.960882        1.677143        2.763459        1.942875        3.618042 
       1.376047        1.436665        1.633799        1.666594        1.246084        2.217678        1.948894        1.254784        1.085885        1.294196        2.518784        2.784218        1.142599        1.120634        1.588485        3.655064        6.014311       10.249465        1.540901        2.069580        1.970362        3.977595        2.085112        1.535546        1.593966 
       2.908494        3.115577        3.659008        4.704542        2.918687        4.711095        4.437637        3.274858        2.589764        3.064343        5.315843        6.306725        2.810220        2.610028        3.876830        8.206779       14.489014       25.001635        3.242484        5.468072        4.068888        8.921209        4.948498        3.455341        4.235598 
       3.323270        3.548891        4.072206       11.225756        6.738690        2.679946        4.191426        7.607078        6.115110        2.997983        1.938065        3.364892        6.755674        4.766245        3.728681        2.770003        4.703457       11.522288        3.343305        5.481347        1.520204        2.990576        2.723144        1.972078        4.184163 
       1.747849        1.800462        2.152187        4.561441        2.925506        1.526136        2.161375        3.115484        2.575318        2.307967        1.219652        1.815604        2.781314        2.266584        2.814751        1.631926        2.731038        9.616615        2.461853        4.026332        0.999075        1.777044        2.166225        1.569228        3.027436 
       1.937933        1.966529        2.262167        3.207614        2.100536        1.917598        2.368201        2.192952        1.844560        4.034649        1.670881        2.388089        2.026923        2.546790        4.964502        2.299443        3.987904       18.261550        4.248536        7.163708        1.374309        2.465375        4.169151        3.030466        5.489461 
       3.259915        3.492845        4.070700        4.183870        2.699674        5.714062        5.037589        2.864253        2.372850        3.066912        6.849233        7.615179        2.610724        2.494790        3.862249       10.141250       18.302831       29.259523        3.261854        5.293954        5.222114       11.314541        5.533106        3.978453        4.011542 
       7.247513        8.006326        9.280247        9.571120        5.777709       13.171534       11.676224        6.692927        5.251290        7.066321       15.212652       17.443578        5.668667        5.505440        8.937768       24.360306       41.923810       70.860300        7.339648       13.149048       11.623343       26.665823       13.075342        9.130777       10.027849 
      23.897617       24.898970       29.776101       33.911749       19.634405       24.438053       32.095113       23.927304       18.610230       26.784064       21.006806       28.034356       19.886725       20.460932       34.443804       32.142433       58.935079      110.743906       27.828493       51.352981       16.017156       35.389701       51.745192       37.498942       38.690202 
       7.896826        8.422846       10.114849       14.348489        8.832591        7.940461       10.491281       10.245299        8.005143       18.561105        6.596029       10.821733        8.720051       11.258226       23.299117        9.685650       18.543241       88.290934       19.455606       35.142562        5.027496       10.686440       18.864491       13.896341       26.345887 
       2.587922        2.780403        3.190099        4.535007        2.922702        2.579382        3.428778        3.149733        2.522418        5.802722        2.235422        3.394586        2.876622        3.512828        7.316965        3.107667        5.784697       27.131780        6.172129       10.899728        1.771792        3.517181        5.979735        4.233819        8.127856 
       1.160294        1.214429        1.386746        1.454151        1.077313        1.870588        1.685139        1.080015        0.964986        1.100080        2.103460        2.315923        1.027085        0.954928        1.370368        2.982074        5.106966        8.218049        1.377348        1.740395        1.662475        3.258103        1.735216        1.335375        1.335535 
       2.583658        2.634076        3.184361        3.202921        2.112395        4.413445        3.796434        2.257679        1.867690        2.354045        5.197783        5.673708        2.085457        1.979103        2.890238        7.526418       13.236589       22.485678        2.623762        4.130407        3.960034        8.696595        4.218251        2.991112        3.166032 
       3.693194        3.971087        4.692749        5.658812        3.492025        4.608982        5.197971        3.940248        3.141989        6.023453        4.546219        5.807882        3.605730        4.116620        7.516809        6.735807       11.913886       39.491778        6.524100       10.934196        3.460038        7.438288       20.346137       14.069727        8.653818 
       2.354112        2.475540        2.908601        3.750190        2.360615        2.716227        3.177420        2.513200        2.114081        4.200162        2.548641        3.393250        2.343418        2.754767        5.177607        3.732022        6.441720       23.939593        4.496920        7.527521        2.004742        4.074395       10.709484        7.516515        5.900994 
       3.322927        3.520699        4.283391        6.003562        3.711598        3.387991        4.501076        4.186982        3.314624        7.619421        2.832977        4.550821        3.600052        4.698673        9.511632        3.997497        7.626823       36.218475        7.896997       14.361936        2.221961        4.502568        8.122122        5.805719       11.031019 
       3.000000        3.000000 
       0.750000        0.750000 
       2.000000        2.000000 
   68069.990218
  119133.107692
   74731.385005
   88968.818474
   52718.473838
   61117.479532
  115126.272804
   79069.686087
   58408.421864
   53717.143460
   50620.860259
   83892.839518
   63230.800714
   47935.913109
   75450.934457
   83879.350835
  169496.149250
  424148.711944
  157317.720021
  112232.043412
   38233.394928
   86837.110770
  121125.949528
   74620.778841
   93939.232584
   2
   2
   2
   2
   2
   2
   2
   2
   2
   2
   2
   2
   2
   2
   2
   2
   2
   2
   2
   2
   2
   2
   2
   2
   2
    1580.459227    1680.374426
     434.745676     459.344822
    2627.642125    2838.193510
    2859.188398    3055.449472
    4485.900222    4924.968645
    3111.236548    3271.351245
    4070.264795    4396.431300
    2800.713890    3072.827688
    3484.731543    3685.783976
    3834.999747    4130.586273
    1749.657805    1920.613476
    2197.950727    2332.140628
    1676.431467    1768.794569
    2953.363207    3101.121502
    3334.450669    3532.597454
    1839.693154    1949.119162
    4043.217049    4365.278842
    2418.667895    2643.738279
    3561.092141    3741.505090
    2078.789258    2202.823833
    3734.160490    4091.177552
    1440.406654    1575.780791
    3423.238386    3741.747804
     416.266270     445.899850
    1398.743719    1502.007095
   43331.162232    47428.824725 
   75805.923103    83038.220486 
   48465.661204    51176.185470 
   56689.238860    61935.852439 
   34250.324185    36040.974266 
   38826.331399    42663.641310 
   74120.429447    79381.267625 
   51095.825080    54330.423036 
   37424.608681    40453.287137 
   34281.138682    37341.719264 
   32186.466187    35308.014158 
   53840.033972    58017.085386 
   40332.492061    43975.242225 
   30690.486169    33224.064642 
   48923.596970    51677.648973 
   53748.870348    58090.264098 
  109984.743010   116010.122656 
  275609.769717   289921.846208 
  100321.135157   109435.824871 
   72412.225387    77230.499162 
   24427.232098    26550.627805 
   55850.923243    59931.891117 
   77175.943257    84325.322780 
   47757.811480    51736.560308 
   60609.999032    64642.311080 
