  25   2
   12636.458666     19644.937323
   22994.534778     18316.494403
   25109.378582     13461.033597
   35977.228047     21761.232473
   54465.361743     14583.894817
   16506.581868     34491.875431
   25889.015264     30419.914066
   30357.653722     31045.622535
   36139.999010     31567.076132
   44386.053399     32801.278396
   16426.282935     39421.335995
   25369.507032     39226.369325
   32669.659200     38251.496820
   37849.577610     38326.663893
   45698.532454     38341.097688
   20768.868324     45081.383853
   25455.421410     46525.809402
   30305.016305     47419.112486
   33111.914338     45662.965076
   43694.252316     42765.665419
    7921.644053     53604.716499
   20487.772224     51738.538989
   30630.362612     49230.520041
   32246.728387     50584.339668
   36425.403965     49852.413015
       5.345460        5.717770        6.757430        3.047790        1.972060        3.426410        6.668170        2.156860        1.768670        1.200410        1.526760        1.859880        1.949350        1.493080        1.479750        2.122810        3.461100        6.487050        1.454950        1.925300        1.240650        2.294200        1.556390        1.162510        1.500550 
      17.430350       18.712610       22.325740        9.436600        5.680220       10.867830       22.050050        6.650960        5.243720        3.226450        4.243930        5.575860        5.879510        4.306530        3.968040        6.370390       11.137180       21.145960        3.515760        5.724410        3.310340        7.075640        4.422560        3.177480        4.432860 
       7.004810        7.503180        8.882260        3.929290        2.477290        4.455500        8.776240        2.776380        2.250370        1.474280        1.898220        2.377930        2.481960        1.867980        1.810680        2.688510        4.515400        8.466130        1.711020        2.437890        1.525200        2.961650        1.934660        1.415490        1.885750 
       3.554450        3.788910        4.445980       11.721730        6.970010        2.941830        4.561440        8.287480        6.511440        3.261900        2.068590        3.579460        7.176080        5.074940        4.030820        2.962840        5.167660       12.179420        3.572650        5.829340        1.665860        3.250010        2.916610        2.144450        4.511270 
       2.395840        2.544000        2.950550        7.490880        4.531440        2.018470        3.029260        5.309870        4.222590        2.211110        1.479350        2.403310        4.636970        3.320120        2.713240        2.041350        3.394700        7.804820        2.496960        3.811130        1.222190        2.198930        2.009830        1.501320        2.980790 
       4.501310        4.812750        5.667270        3.142650        2.027140        3.794980        5.831320        2.221430        1.820170        1.591140        2.693830        3.134650        2.010330        1.659380        1.960060        3.934330        6.701540       11.510830        1.836140        2.665730        2.131310        4.358060        2.437410        1.769720        2.067650 
      16.973660       18.238890       21.710660        9.400310        5.628140       10.906410       21.501890        6.537360        5.161660        3.285800        4.657460        5.987220        5.719490        4.262600        4.079420        6.986860       12.299030       23.104520        3.576260        5.896770        3.605910        7.807020        4.660240        3.320040        4.497450 
       4.686500        5.023270        5.947530       13.692230        8.066480        3.671140        5.997800        9.565500        7.481470        3.662820        2.356090        4.127680        8.281150        5.769510        4.556740        3.409920        6.149180       14.694830        3.909720        6.668250        1.825570        3.820990        3.262950        2.325220        5.059960 
       2.326440        2.475210        2.887780        7.481280        4.510500        1.941990        2.932000        5.245780        4.157020        2.134870        1.413960        2.314710        4.591590        3.239040        2.640470        1.950350        3.284960        7.733870        2.374800        3.717170        1.143050        2.108250        1.909870        1.389110        2.842410 
       1.232390        1.285630        1.468100        2.012640        1.377970        1.219480        1.539320        1.406860        1.187530        2.468210        1.095360        1.511110        1.312970        1.577410        3.056170        1.464570        2.443820       10.748090        2.691770        4.354290        0.907320        1.539320        2.544630        1.842170        3.338770 
       1.277200        1.334080        1.516570        1.581890        1.138140        2.056090        1.810900        1.144310        0.994610        1.203880        2.331230        2.559900        1.084500        1.023710        1.476970        3.375910        5.723000        9.440390        1.451370        1.931550        1.846080        3.737900        1.956490        1.429410        1.496180 
       2.763520        2.935810        3.454000        4.331670        2.691510        4.471370        4.111230        2.979930        2.391170        2.846150        5.013080        5.817280        2.658140        2.433070        3.543760        7.559290       13.259310       23.698770        3.077810        5.109960        3.855560        8.454040        4.575260        3.229640        3.880750 
       3.085700        3.289250        3.869390       10.363020        6.158460        2.542600        3.945890        7.226510        5.675540        2.812530        1.788730        3.081030        6.276450        4.388180        3.499390        2.546930        4.452320       10.734200        3.063070        5.045510        1.433980        2.791320        2.494280        1.812020        3.837750 
       1.598460        1.678380        1.957560        4.311790        2.670330        1.410160        1.998690        2.948050        2.372190        2.120900        1.133780        1.704900        2.638300        2.150510        2.649390        1.543480        2.584440        8.765480        2.317300        3.744200        0.924320        1.625300        2.050200        1.458080        2.802810 
       1.766610        1.850930        2.136800        2.963720        1.946770        1.746260        2.250210        2.066200        1.719090        3.715090        1.534490        2.227750        1.894390        2.331770        4.605840        2.118310        3.698650       16.602330        3.969450        6.680200        1.258610        2.272040        3.832160        2.769920        5.122490 
       3.029690        3.229030        3.791900        3.907750        2.481380        5.414760        4.645160        2.697080        2.189560        2.834300        6.268550        7.049580        2.426440        2.290660        3.523610        9.492340       16.656660       27.604810        3.073130        5.039510        4.817350       10.649450        5.165740        3.632750        3.812560 
       6.807450        7.302700        8.661490        8.901870        5.334560       12.441600       10.719840        6.168040        4.856680        6.559240       14.449120       16.482220        5.393870        5.219240        8.154530       22.258930       39.311970       65.929520        6.833210       12.120880       11.005030       24.969680       12.204730        8.517910        9.264510 
      21.837950       23.460530       27.931890       31.002870       18.139030       22.584500       30.073910       21.884090       17.008260       25.343520       19.280980       26.531470       18.872570       19.299360       31.514390       29.832290       54.406950      101.565590       26.160780       47.584770       14.679300       33.372790       48.259360       34.171100       36.621570 
       7.343920        7.850790        9.288450       13.483890        8.078500        7.275320        9.845440        9.435160        7.428450       17.236820        6.084200        9.951860        8.245150       10.568320       21.427580        9.127110       17.355620       81.102200       17.810050       32.162970        4.705740       10.141630       17.811520       12.791890       24.707410 
       2.428930        2.574710        3.007520        4.241390        2.667180        2.411710        3.164530        2.930860        2.377030        5.430080        2.070520        3.175720        2.635460        3.328750        6.738600        2.949080        5.403560       24.986040        5.684720        9.951930        1.649360        3.239960        5.592180        4.025090        7.618190 
       1.104910        1.149690        1.297460        1.356630        1.011920        1.724900        1.540140        0.988640        0.888750        1.042160        1.950680        2.117850        0.948340        0.885950        1.278140        2.783130        4.658620        7.676400        1.279470        1.622100        1.563860        3.065040        1.650220        1.216020        1.253720 
       2.358320        2.504760        2.923870        3.009210        1.944700        4.123220        3.564130        2.100860        1.724750        2.202350        4.759670        5.331230        1.909960        1.810140        2.727670        7.150860       12.453240       20.504500        2.431750        3.852380        3.684550        8.003610        3.948010        2.802080        2.953600 
       3.421680        3.641790        4.280940        5.311400        3.286030        4.238110        4.752140        3.698460        2.975700        5.661690        4.167160        5.467410        3.282960        3.767100        7.031240        6.214820       11.178180       36.077280        5.943210       10.384830        3.235110        6.939180       18.716320       13.247780        7.950620 
       2.162890        2.290080        2.675970        3.459690        2.194820        2.478670        2.899730        2.391470        1.950950        3.898100        2.347640        3.172460        2.160370        2.535130        4.845870        3.402120        6.107430       22.147740        4.122300        7.102410        1.842180        3.786300        9.901740        7.032280        5.422080 
       3.119780        3.329290        3.921310        5.592310        3.427890        3.104010        4.105230        3.832890        3.055030        7.239390        2.625650        4.164720        3.408190        4.377790        8.996490        3.804840        7.200510       33.882470        7.494060       13.409630        2.043020        4.257680        7.451140        5.342320       10.261260 
       5.730264        6.225358        7.321243        3.271944        2.126761        3.667797        7.015875        2.319758        1.857530        1.279290        1.607476        1.968600        2.070745        1.640609        1.614423        2.328013        3.789560        7.094507        1.564032        2.117163        1.352989        2.489543        1.693735        1.252058        1.598287 
      18.724953       19.780389       23.944181       10.300256        6.210365       11.646392       23.797291        7.134341        5.700791        3.399751        4.523262        6.099600        6.422046        4.721471        4.247166        6.778068       12.120329       22.591335        3.826864        6.094399        3.636691        7.559859        4.830291        3.338744        4.748864 
       7.605842        7.910179        9.739407        4.185647        2.682209        4.693837        9.334601        2.955959        2.465854        1.605515        2.006580        2.526356        2.689197        2.030376        1.933596        2.829352        4.914499        9.077326        1.863953        2.620589        1.606131        3.112055        2.083339        1.513786        2.015540 
       3.765545        4.078973        4.779337       12.831336        7.469006        3.134108        4.962367        8.712059        6.941389        3.553248        2.265307        3.900794        7.735009        5.570160        4.272624        3.147928        5.676052       13.375172        3.888821        6.333854        1.825598        3.415154        3.155461        2.341712        4.754993 
       2.547073        2.742717        3.118072        8.170162        4.902486        2.213673        3.212382        5.835671        4.456935        2.343148        1.598433        2.594980        5.038161        3.518069        2.887112        2.230082        3.625187        8.409338        2.655433        4.075427        1.296744        2.374850        2.111469        1.580585        3.247134 
       4.763748        5.081742        6.035278        3.369820        2.132645        4.047670        6.173864        2.350786        1.924016        1.699665        2.932067        3.329223        2.165171        1.797237        2.081138        4.175700        7.049338       12.645982        1.964233        2.927735        2.310875        4.769646        2.648347        1.922701        2.172071 
      18.265190       19.809293       23.230777        9.923858        6.042208       11.546176       23.047484        7.176851        5.600331        3.509785        5.079982        6.366805        6.174202        4.638971        4.434226        7.347931       13.438042       25.135358        3.766315        6.268443        3.838935        8.562193        4.999664        3.496022        4.878663 
       5.090074        5.455783        6.287589       14.727745        8.597582        3.897686        6.537496       10.391122        8.173735        4.019231        2.498669        4.415794        8.907537        6.292881        4.883515        3.590854        6.468678       15.480450        4.293992        7.062002        1.983206        4.068666        3.445282        2.454275        5.346174 
       2.520822        2.719566        3.083884        8.098171        4.956615        2.068133        3.103802        5.578398        4.503916        2.284064        1.549656        2.456661        4.867440        3.489626        2.814252        2.070754        3.510161        8.152805        2.575814        4.050413        1.240462        2.302437        2.080897        1.488038        3.110607 
       1.294639        1.406513        1.605033        2.209970        1.482124        1.334372        1.661058        1.538661        1.297734        2.690426        1.171663        1.626932        1.396394        1.684455        3.267808        1.565573        2.669471       11.578002        2.866718        4.690479        0.980353        1.656494        2.727826        1.959184        3.653470 
       1.371403        1.416247        1.655911        1.714282        1.244106        2.234250        1.967806        1.237973        1.068618        1.319409        2.464845        2.813574        1.149147        1.080466        1.559669        3.560355        6.235393       10.122310        1.592711        2.068466        1.979664        4.001493        2.128052        1.526649        1.580201 
       2.903113        3.157884        3.637473        4.572994        2.925640        4.778343        4.498621        3.247139        2.535255        3.080959        5.386365        6.197453        2.894235        2.592738        3.762521        8.046306       14.539515       25.233834        3.341364        5.434722        4.172105        9.071961        4.915964        3.486704        4.131239 
       3.257021        3.476369        4.077922       11.346395        6.742740        2.781449        4.225578        7.798464        6.115768        2.998606        1.902055        3.278993        6.683413        4.765716        3.780120        2.723762        4.791628       11.684249        3.250545        5.382776        1.571892        3.048333        2.643486        1.982215        4.196730 
       1.719180        1.780997        2.100083        4.720645        2.924088        1.493084        2.118235        3.237587        2.558287        2.263674        1.235020        1.791271        2.850817        2.336044        2.903195        1.657007        2.809576        9.497947        2.491092        3.957012        0.991191        1.754237        2.179471        1.570683        3.014640 
       1.937896        2.010474        2.330884        3.119128        2.118915        1.835316        2.425110        2.171670        1.813677        4.060369        1.672115        2.367750        2.071463        2.460890        4.933226        2.237811        3.950067       17.612748        4.301917        7.232330        1.373766        2.495968        4.027885        2.974724        5.555229 
       3.188484        3.410920        4.066841        4.108582        2.664642        5.847716        4.940722        2.870698        2.318330        2.989318        6.875385        7.431082        2.638667        2.469102        3.844963       10.008571       17.653508       29.553499        3.366333        5.339086        5.289220       11.473436        5.521739        3.945132        4.160591 
       7.227319        7.758821        9.413618        9.629706        5.724880       13.117806       11.445728        6.553743        5.252194        6.988272       15.376162       17.680774        5.864111        5.661188        8.648961       24.021092       41.440554       69.428109        7.263208       12.774014       11.810281       26.280346       13.267257        9.272608        9.957122 
      23.997053       25.173549       30.559620       32.627808       19.622614       24.814312       31.667046       23.835472       18.137775       26.723078       20.716388       28.047635       20.209869       21.214836       33.582537       31.516462       57.414301      111.349264       28.288005       50.672981       15.921443       36.066181       50.753185       36.260504       39.931560 
       7.908761        8.599103       10.202725       14.548153        8.873887        7.931447       10.721109       10.107027        7.894205       18.557975        6.599297       10.854610        8.808260       11.258501       22.693342        9.821608       19.038268       88.645370       19.248600       34.066521        5.013056       11.139791       19.467050       13.531483       26.009626 
       2.598771        2.768208        3.174110        4.557070        2.855100        2.534139        3.469061        3.080127        2.585567        5.848510        2.231283        3.467662        2.795396        3.546276        7.117534        3.187818        5.693766       26.300234        6.001962       10.623800        1.782116        3.518655        6.122376        4.391404        8.102537 
       1.206823        1.242926        1.408831        1.441416        1.083060        1.858159        1.631180        1.086442        0.948973        1.134064        2.137527        2.313402        1.035392        0.938812        1.382417        3.037325        4.911164        8.124094        1.388764        1.715967        1.701723        3.226921        1.769067        1.289684        1.346807 
       2.505507        2.715211        3.155182        3.232869        2.122698        4.426091        3.834537        2.211433        1.827473        2.388310        5.121087        5.697731        2.036599        1.967469        2.963264        7.692221       13.137243       21.931874        2.581186        4.138995        3.893313        8.500431        4.215444        3.010947        3.216997 
       3.620358        3.997239        4.656977        5.690729        3.582788        4.459645        5.003706        4.027266        3.270963        6.184239        4.500233        5.875643        3.506191        4.064615        7.574746        6.531915       11.863908       39.619112        6.373937       10.963749        3.496579        7.463923       20.064824       14.474636        8.502665 
       2.271850        2.429528        2.884975        3.746178        2.341529        2.711185        3.132212        2.584951        2.125405        4.233817        2.561648        3.426096        2.287578        2.763649        5.113652        3.637004        6.521709       23.773352        4.364899        7.792027        1.971892        4.148880       10.698575        7.588475        5.936430 
       3.356341        3.613850        4.243546        5.985932        3.702246        3.338319        4.512577        4.112318        3.258697        7.728254        2.793356        4.443325        3.715356        4.697864        9.827595        4.094595        7.821982       36.857152        7.968777       14.671630        2.170173        4.485572        8.098405        5.649992       11.093369 
       3.000000        3.000000 
       0.750000        0.750000 
       2.000000        2.000000 
   67152.325543
  118762.400834
   76173.840050
   87542.158616
   53170.343559
   60130.587819
  114209.296301
   79463.407121
   58246.908528
   53552.130105
   49614.069325
   84773.221921
   62679.301551
   47698.653555
   76295.772428
   84089.723851
  173173.607804
  430030.979083
  155749.159409
  111373.657882
   37862.004758
   87792.752674
  121224.165319
   74430.302172
   94769.528715
   1
   1
   1
   1
   1
   1
   1
   1
   1
   1
   1
   1
   1
   1
   1
   1
   1
   1
   1
   1
   1
   1
   1
   1
   1
     981.172663    1034.721389
     739.650204     791.388699
     412.766017     452.476182
    1282.921296    1400.565810
    1785.479265    1915.942346
    1370.493566    1484.227343
     198.913702     214.811258
     862.893757     929.294205
    1500.181806    1639.736212
    1845.856516    1955.401260
      17.967505      19.576120
    1562.198391    1685.149942
    1115.622189    1204.575414
    1650.906846    1797.995609
      81.807432      89.898546
     927.989116     978.708917
     539.655084     585.512673
      55.981677      58.795368
    1332.466114    1433.404479
     918.362307     996.047681
     570.712513     627.669681
     131.383081     142.117424
     903.949122     963.498809
     782.406959     834.315114
    1909.237468    2066.561504
   43331.162232    46205.271826 
   75805.923103    82543.944676 
   48465.661204    53099.458863 
   56689.238860    60033.639294 
   34250.324185    36643.467227 
   38826.331399    41347.785693 
   74120.429447    78158.632287 
   51095.825080    54855.384415 
   37424.608681    40237.936023 
   34281.138682    37121.701458 
   32186.466187    33965.626246 
   53840.033972    59190.928590 
   40332.492061    43239.910008 
   30690.486169    32907.718572 
   48923.596970    52804.099601 
   53748.870348    58370.761453 
  109984.743010   120913.400728 
  275609.769717   297764.869060 
  100321.135157   107344.410722 
   72412.225387    76085.985122 
   24427.232098    26055.440912 
   55850.923243    61206.080322 
   77175.943257    84456.277169 
   47757.811480    51482.591417 
   60609.999032    65749.372587 
