  25   2
   12636.458666     19644.937323
   22994.534778     18316.494403
   25109.378582     13461.033597
   35977.228047     21761.232473
   54465.361743     14583.894817
   16506.581868     34491.875431
   25889.015264     30419.914066
   30357.653722     31045.622535
   36139.999010     31567.076132
   44386.053399     32801.278396
   16426.282935     39421.335995
   25369.507032     39226.369325
   32669.659200     38251.496820
   37849.577610     38326.663893
   45698.532454     38341.097688
   20768.868324     45081.383853
   25455.421410     46525.809402
   30305.016305     47419.112486
   33111.914338     45662.965076
   43694.252316     42765.665419
    7921.644053     53604.716499
   20487.772224     51738.538989
   30630.362612     49230.520041
   32246.728387     50584.339668
   36425.403965     49852.413015
       5.345460        5.717770        6.757430        3.047790        1.972060        3.426410        6.668170        2.156860        1.768670        1.200410        1.526760        1.859880        1.949350        1.493080        1.479750        2.122810        3.461100        6.487050        1.454950        1.925300        1.240650        2.294200        1.556390        1.162510        1.500550 
      17.430350       18.712610       22.325740        9.436600        5.680220       10.867830       22.050050        6.650960        5.243720        3.226450        4.243930        5.575860        5.879510        4.306530        3.968040        6.370390       11.137180       21.145960        3.515760        5.724410        3.310340        7.075640        4.422560        3.177480        4.432860 
       7.004810        7.503180        8.882260        3.929290        2.477290        4.455500        8.776240        2.776380        2.250370        1.474280        1.898220        2.377930        2.481960        1.867980        1.810680        2.688510        4.515400        8.466130        1.711020        2.437890        1.525200        2.961650        1.934660        1.415490        1.885750 
       3.554450        3.788910        4.445980       11.721730        6.970010        2.941830        4.561440        8.287480        6.511440        3.261900        2.068590        3.579460        7.176080        5.074940        4.030820        2.962840        5.167660       12.179420        3.572650        5.829340        1.665860        3.250010        2.916610        2.144450        4.511270 
       2.395840        2.544000        2.950550        7.490880        4.531440        2.018470        3.029260        5.309870        4.222590        2.211110        1.479350        2.403310        4.636970        3.320120        2.713240        2.041350        3.394700        7.804820        2.496960        3.811130        1.222190        2.198930        2.009830        1.501320        2.980790 
       4.501310        4.812750        5.667270        3.142650        2.027140        3.794980        5.831320        2.221430        1.820170        1.591140        2.693830        3.134650        2.010330        1.659380        1.960060        3.934330        6.701540       11.510830        1.836140        2.665730        2.131310        4.358060        2.437410        1.769720        2.067650 
      16.973660       18.238890       21.710660        9.400310        5.628140       10.906410       21.501890        6.537360        5.161660        3.285800        4.657460        5.987220        5.719490        4.262600        4.079420        6.986860       12.299030       23.104520        3.576260        5.896770        3.605910        7.807020        4.660240        3.320040        4.497450 
       4.686500        5.023270        5.947530       13.692230        8.066480        3.671140        5.997800        9.565500        7.481470        3.662820        2.356090        4.127680        8.281150        5.769510        4.556740        3.409920        6.149180       14.694830        3.909720        6.668250        1.825570        3.820990        3.262950        2.325220        5.059960 
       2.326440        2.475210        2.887780        7.481280        4.510500        1.941990        2.932000        5.245780        4.157020        2.134870        1.413960        2.314710        4.591590        3.239040        2.640470        1.950350        3.284960        7.733870        2.374800        3.717170        1.143050        2.108250        1.909870        1.389110        2.842410 
       1.232390        1.285630        1.468100        2.012640        1.377970        1.219480        1.539320        1.406860        1.187530        2.468210        1.095360        1.511110        1.312970        1.577410        3.056170        1.464570        2.443820       10.748090        2.691770        4.354290        0.907320        1.539320        2.544630        1.842170        3.338770 
       1.277200        1.334080        1.516570        1.581890        1.138140        2.056090        1.810900        1.144310        0.994610        1.203880        2.331230        2.559900        1.084500        1.023710        1.476970        3.375910        5.723000        9.440390        1.451370        1.931550        1.846080        3.737900        1.956490        1.429410        1.496180 
       2.763520        2.935810        3.454000        4.331670        2.691510        4.471370        4.111230        2.979930        2.391170        2.846150        5.013080        5.817280        2.658140        2.433070        3.543760        7.559290       13.259310       23.698770        3.077810        5.109960        3.855560        8.454040        4.575260        3.229640        3.880750 
       3.085700        3.289250        3.869390       10.363020        6.158460        2.542600        3.945890        7.226510        5.675540        2.812530        1.788730        3.081030        6.276450        4.388180        3.499390        2.546930        4.452320       10.734200        3.063070        5.045510        1.433980        2.791320        2.494280        1.812020        3.837750 
       1.598460        1.678380        1.957560        4.311790        2.670330        1.410160        1.998690        2.948050        2.372190        2.120900        1.133780        1.704900        2.638300        2.150510        2.649390        1.543480        2.584440        8.765480        2.317300        3.744200        0.924320        1.625300        2.050200        1.458080        2.802810 
       1.766610        1.850930        2.136800        2.963720        1.946770        1.746260        2.250210        2.066200        1.719090        3.715090        1.534490        2.227750        1.894390        2.331770        4.605840        2.118310        3.698650       16.602330        3.969450        6.680200        1.258610        2.272040        3.832160        2.769920        5.122490 
       3.029690        3.229030        3.791900        3.907750        2.481380        5.414760        4.645160        2.697080        2.189560        2.834300        6.268550        7.049580        2.426440        2.290660        3.523610        9.492340       16.656660       27.604810        3.073130        5.039510        4.817350       10.649450        5.165740        3.632750        3.812560 
       6.807450        7.302700        8.661490        8.901870        5.334560       12.441600       10.719840        6.168040        4.856680        6.559240       14.449120       16.482220        5.393870        5.219240        8.154530       22.258930       39.311970       65.929520        6.833210       12.120880       11.005030       24.969680       12.204730        8.517910        9.264510 
      21.837950       23.460530       27.931890       31.002870       18.139030       22.584500       30.073910       21.884090       17.008260       25.343520       19.280980       26.531470       18.872570       19.299360       31.514390       29.832290       54.406950      101.565590       26.160780       47.584770       14.679300       33.372790       48.259360       34.171100       36.621570 
       7.343920        7.850790        9.288450       13.483890        8.078500        7.275320        9.845440        9.435160        7.428450       17.236820        6.084200        9.951860        8.245150       10.568320       21.427580        9.127110       17.355620       81.102200       17.810050       32.162970        4.705740       10.141630       17.811520       12.791890       24.707410 
       2.428930        2.574710        3.007520        4.241390        2.667180        2.411710        3.164530        2.930860        2.377030        5.430080        2.070520        3.175720        2.635460        3.328750        6.738600        2.949080        5.403560       24.986040        5.684720        9.951930        1.649360        3.239960        5.592180        4.025090        7.618190 
       1.104910        1.149690        1.297460        1.356630        1.011920        1.724900        1.540140        0.988640        0.888750        1.042160        1.950680        2.117850        0.948340        0.885950        1.278140        2.783130        4.658620        7.676400        1.279470        1.622100        1.563860        3.065040        1.650220        1.216020        1.253720 
       2.358320        2.504760        2.923870        3.009210        1.944700        4.123220        3.564130        2.100860        1.724750        2.202350        4.759670        5.331230        1.909960        1.810140        2.727670        7.150860       12.453240       20.504500        2.431750        3.852380        3.684550        8.003610        3.948010        2.802080        2.953600 
       3.421680        3.641790        4.280940        5.311400        3.286030        4.238110        4.752140        3.698460        2.975700        5.661690        4.167160        5.467410        3.282960        3.767100        7.031240        6.214820       11.178180       36.077280        5.943210       10.384830        3.235110        6.939180       18.716320       13.247780        7.950620 
       2.162890        2.290080        2.675970        3.459690        2.194820        2.478670        2.899730        2.391470        1.950950        3.898100        2.347640        3.172460        2.160370        2.535130        4.845870        3.402120        6.107430       22.147740        4.122300        7.102410        1.842180        3.786300        9.901740        7.032280        5.422080 
       3.119780        3.329290        3.921310        5.592310        3.427890        3.104010        4.105230        3.832890        3.055030        7.239390        2.625650        4.164720        3.408190        4.377790        8.996490        3.804840        7.200510       33.882470        7.494060       13.409630        2.043020        4.257680        7.451140        5.342320       10.261260 
       5.730239        6.131574        7.137042        3.312429        2.095724        3.647265        7.317628        2.329395        1.901405        1.290552        1.607820        1.968475        2.102362        1.602911        1.564314        2.271851        3.647924        6.912112        1.559970        2.048053        1.331379        2.435348        1.658078        1.239616        1.639880 
      19.158278       20.430707       24.366038       10.257057        6.027158       11.415367       24.034467        7.286959        5.711385        3.389634        4.646862        6.060640        6.341059        4.726925        4.343046        6.747934       11.908799       23.040623        3.736483        6.068814        3.589371        7.690437        4.677977        3.410746        4.760769 
       7.652349        7.896326        9.344142        4.170261        2.710825        4.819519        9.465829        3.002989        2.369602        1.603853        2.068461        2.566509        2.623029        1.990883        1.986374        2.838065        4.822529        8.940491        1.834693        2.657692        1.661189        3.114735        2.047149        1.505741        2.028426 
       3.891904        4.008061        4.803421       12.500150        7.387600        3.124403        4.884362        8.988503        7.108264        3.571112        2.230440        3.853788        7.737758        5.474738        4.427567        3.226025        5.456946       12.852416        3.868590        6.214357        1.777610        3.547120        3.128660        2.318528        4.863737 
       2.605629        2.744223        3.126131        7.979478        4.967546        2.131594        3.183949        5.674837        4.452257        2.356799        1.623797        2.556312        4.992438        3.634876        2.911477        2.149492        3.584280        8.462991        2.666383        4.171726        1.288878        2.335871        2.163863        1.644753        3.143002 
       4.738533        5.122024        5.956618        3.449084        2.227531        4.038219        6.189293        2.361141        1.976546        1.728269        2.954075        3.444972        2.138495        1.758815        2.070643        4.201666        7.286071       12.340462        1.931037        2.929146        2.257457        4.658078        2.569877        1.891913        2.258766 
      18.281508       20.030077       23.702499       10.174738        6.162390       11.825452       22.991969        7.048187        5.499428        3.516399        4.921987        6.389243        6.190270        4.487405        4.303746        7.676558       13.133616       24.936375        3.769442        6.374251        3.919825        8.289077        4.998142        3.551729        4.776744 
       5.129119        5.407623        6.375240       14.402540        8.595071        3.975367        6.442835       10.430575        8.118743        3.857614        2.520327        4.341792        8.737805        6.265950        4.903742        3.640207        6.474317       15.570210        4.116070        7.027986        1.955221        4.180869        3.485557        2.535637        5.518355 
       2.529868        2.681026        3.099408        8.038569        4.830139        2.062968        3.165745        5.650592        4.514598        2.305222        1.542333        2.536796        5.031131        3.519692        2.799058        2.097396        3.532543        8.154563        2.505053        4.061786        1.235627        2.270659        2.066086        1.510195        3.104331 
       1.321764        1.357602        1.597109        2.122384        1.467679        1.322129        1.619962        1.495549        1.289019        2.663821        1.168905        1.606982        1.400102        1.722341        3.234339        1.563886        2.626929       11.668682        2.867170        4.758889        0.981502        1.633205        2.734936        2.003696        3.622077 
       1.381182        1.428934        1.647747        1.730064        1.214321        2.206596        1.937539        1.232404        1.051906        1.269851        2.535948        2.725445        1.173821        1.107319        1.565806        3.611509        6.053644       10.023086        1.546101        2.078543        1.940705        3.968509        2.095529        1.501840        1.607532 
       3.017122        3.143342        3.649669        4.629858        2.913003        4.856711        4.455911        3.163826        2.616254        3.096599        5.465951        6.309415        2.827321        2.600731        3.781864        8.173778       14.369459       24.944028        3.267751        5.520128        4.174029        9.198964        5.030712        3.422830        4.209933 
       3.380789        3.534897        4.150144       11.280786        6.728099        2.688415        4.183942        7.596690        6.110589        3.060385        1.912416        3.292712        6.592322        4.673572        3.729605        2.758523        4.831019       11.326158        3.305273        5.514045        1.513318        3.070043        2.656925        1.926624        4.179824 
       1.726624        1.824339        2.080213        4.692274        2.820141        1.531188        2.139120        3.097256        2.538660        2.269040        1.190594        1.847038        2.772252        2.266699        2.866240        1.695807        2.799168        9.577946        2.544062        4.075227        1.016408        1.770254        2.173905        1.566042        3.045155 
       1.911958        1.967529        2.284417        3.248212        2.112240        1.865080        2.398619        2.199147        1.835951        3.938560        1.612652        2.388238        2.021682        2.482918        4.938687        2.277592        4.020051       17.873105        4.365256        7.212861        1.369988        2.495673        4.165367        2.937821        5.451738 
       3.301245        3.503789        4.044877        4.287225        2.648417        5.880345        5.001624        2.927044        2.362790        3.057946        6.842853        7.570215        2.599202        2.420143        3.751977       10.280896       17.759572       29.708890        3.298215        5.341970        5.127074       11.589820        5.624708        3.978796        4.192391 
       7.413871        8.017715        9.286023        9.723378        5.836318       13.125894       11.671579        6.577508        5.271336        7.097459       15.588972       17.460052        5.855790        5.675890        8.672864       24.338772       43.067765       71.935450        7.467138       12.920129       11.633872       27.230455       13.143597        9.031085        9.738678 
      23.739365       24.751514       29.633232       33.488436       19.737066       24.004276       32.506706       23.217559       18.030718       27.741784       20.630360       28.044032       20.426085       21.138239       33.741518       32.333716       57.381093      106.743058       28.549278       51.911794       15.855342       35.832183       51.081031       37.106361       40.227510 
       7.812835        8.280263        9.953938       14.753804        8.530045        7.709259       10.595754       10.232917        8.067158       18.540536        6.570303       10.521920        8.658326       11.468790       23.538884       10.036952       18.344377       87.217846       18.818282       33.972830        5.148295       11.112477       19.501350       13.588558       26.147576 
       2.633736        2.743138        3.267281        4.643511        2.903174        2.597054        3.479549        3.092407        2.569992        5.747380        2.244606        3.457699        2.880744        3.528173        7.348790        3.154270        5.681068       26.967415        6.031863       10.824831        1.749579        3.405775        5.987116        4.254438        8.292637 
       1.175313        1.234462        1.373006        1.430918        1.071866        1.821847        1.665109        1.080296        0.953004        1.141604        2.050354        2.227485        1.036645        0.952067        1.382382        2.997243        4.917540        8.141220        1.397444        1.743115        1.671975        3.261077        1.746704        1.301483        1.350162 
       2.492714        2.734719        3.197773        3.172932        2.124042        4.480823        3.744218        2.266085        1.856260        2.402915        5.179720        5.614851        2.042871        1.935950        2.998152        7.630461       13.479691       22.246572        2.648290        4.215368        4.030296        8.581415        4.195322        2.993818        3.200573 
       3.654030        3.949503        4.553824        5.584994        3.611168        4.609338        5.057852        3.974030        3.250921        5.995176        4.483560        5.845166        3.456175        4.142430        7.581399        6.656962       11.983444       38.176439        6.391368       11.374221        3.398672        7.470985       20.359560       14.115595        8.632005 
       2.328462        2.449118        2.910051        3.756530        2.372451        2.622948        3.086504        2.579327        2.092045        4.108946        2.534480        3.444012        2.290822        2.691379        5.300510        3.661191        6.458085       23.456753        4.335951        7.475434        1.975057        4.158910       10.780407        7.466832        5.860643 
       3.327497        3.567833        4.178444        5.970436        3.604165        3.355593        4.398536        4.101679        3.257919        7.744680        2.757686        4.413762        3.696337        4.626380        9.506196        4.049036        7.736697       35.821248        7.918084       14.418739        2.175906        4.662379        7.983990        5.736664       10.809820 
       3.000000        3.000000 
       0.750000        0.750000 
       2.000000        2.000000 
   36928.171328
   48716.304285
   40280.798868
   43116.855860
   35153.945211
   36492.654782
   51236.689925
   41354.130265
   35593.636756
   33225.566843
   32158.201958
   41404.845613
   36957.687704
   31829.048899
   37117.588910
   43825.836725
   52124.059895
   53684.369646
   51729.751991
   46955.862062
   31686.002164
   42644.857413
   50060.110706
   38587.431117
   45843.041883
   1
   1
   1
   1
   1
   1
   1
   1
   1
   1
   1
   1
   1
   1
   1
   1
   1
   1
   1
   1
   1
   1
   1
   1
   1
     981.172663    1051.879259
     739.650204     806.643547
     412.766017     450.614344
    1282.921296    1379.519198
    1785.479265    1880.548259
    1370.493566    1462.319187
     198.913702     209.076409
     862.893757     924.654114
    1500.181806    1627.431946
    1845.856516    2029.788709
      17.967505      19.544288
    1562.198391    1711.955754
    1115.622189    1199.493881
    1650.906846    1782.830261
      81.807432      89.798680
     927.989116     974.610891
     539.655084     580.288558
      55.981677      60.702883
    1332.466114    1410.847671
     918.362307     968.456453
     570.712513     626.333775
     131.383081     140.907723
     903.949122     964.567812
     782.406959     847.807318
    1909.237468    2030.240718
   23452.524693    25785.037077 
   31565.571773    33389.500606 
   25975.037332    27732.694492 
   27947.416293    29541.724853 
   22848.350770    24023.576178 
   23718.217383    24938.655659 
   32699.025736    35616.560830 
   26710.047399    28428.792954 
   22612.640763    24845.541578 
   21456.719542    22844.036249 
   20581.621093    22295.981518 
   26304.387544    28902.073273 
   23810.992499    25465.924440 
   20616.527389    21822.204476 
   23824.808145    25665.310402 
   27858.417755    30576.031211 
   33482.377878    36016.368649 
   34398.602596    37180.556932 
   33283.091110    35689.911545 
   30202.080961    32405.735122 
   20395.452373    21852.550512 
   27420.920177    29438.889707 
   32097.825418    34648.988857 
   24822.947094    26626.961061 
   29315.769949    31808.285895 
