  40   3
    7205.289932      7026.341011
   15537.363271     25168.833798
   22828.809185     21365.280809
   24497.000000      4616.420841
   28800.639559     21073.054147
   36049.817346     22340.520195
   44214.740570     22113.964630
   57381.825996     12161.439356
   14489.878283     34680.217103
   21982.447281     33787.972377
   25546.724342     32441.763596
   28010.437791     28332.198687
   31667.975072     31234.012739
   35325.576894     31561.327231
   39010.270108     32965.912554
   46538.466332     32770.833242
   15642.408745     38977.855903
   21748.596010     39878.026962
   27669.198417     38378.596465
   31878.072362     37932.542276
   34261.821810     39477.373517
   37838.336504     37735.478198
   41800.612927     38697.296824
   49314.935585     37871.663884
   17135.745943     46454.978833
   23585.263526     44119.105126
   25526.213253     47274.613334
   30190.418409     47481.002814
   31036.094409     46460.201310
   33143.709834     45669.810004
   37541.490630     43224.185982
   47002.061353     42755.991101
    5679.073157     53699.134183
   16606.428992     51845.244252
   21080.519676     52770.808291
   27605.601198     50730.436412
   31389.798147     48627.168057
   31983.149669     51902.731125
   34646.969976     49621.167524
   37794.984570     49497.465641
       0.616980        1.510670        1.714620        1.833510        1.439060        0.451730        0.702600        0.512980        0.721060        1.414040        0.633220        1.497190        0.632560        0.355810        0.503370        0.358070        0.506070        0.451910        0.462950        0.496360        0.602740        0.360770        0.484380        0.335660        0.431810        0.717310        1.072130        2.212660        0.380750        0.558340        0.447940        0.512100        0.376760        0.523810        0.461390        0.463230        0.517110        0.362880        0.422880        0.370280 
       0.961360        2.616450        3.017260        3.236210        2.488510        0.648810        1.124700        0.765060        1.165080        2.465430        1.009200        2.546940        1.015190        0.478230        0.764840        0.480290        0.759910        0.667580        0.678080        0.750310        0.943390        0.488330        0.692320        0.448060        0.628430        1.151120        1.797000        3.896050        0.481820        0.695910        0.649020        0.778820        0.518390        0.802120        0.675150        0.696330        0.756390        0.509340        0.605010        0.533230 
       3.710920       11.496240       13.439560       14.437750       10.928680        2.281450        4.566380        2.811310        4.766920       10.894080        4.140360       11.097730        4.198570        1.581120        3.003890        1.641220        2.885630        2.510520        2.510390        2.951870        3.833960        1.662580        2.469010        1.448890        2.293930        4.736550        7.701420       17.550300        1.416630        2.006070        2.411230        2.983610        1.763110        3.181900        2.498760        2.702690        2.839440        1.771410        2.168720        1.978350 
       1.540490        4.494420        5.219850        5.608870        4.267150        0.985200        1.826890        1.191740        1.915750        4.239410        1.652140        4.345190        1.656480        0.689190        1.214290        0.696810        1.195890        1.024860        1.050520        1.190680        1.521880        0.705940        1.031630        0.621290        0.946350        1.860250        3.023060        6.751860        0.654700        0.925180        0.962150        1.216230        0.759860        1.283160        1.045290        1.079240        1.156630        0.736460        0.867800        0.789770 
       1.158040        3.246020        3.754250        4.030480        4.397980        1.618070        3.119880        1.979910        1.621370        3.060880        1.288190        4.094010        2.909110        1.139580        2.013700        1.033060        1.168190        1.015970        1.265900        2.031510        2.602720        1.156260        1.537840        0.926340        0.936790        1.825880        2.914810        7.264150        0.932590        1.327990        1.495180        1.826140        0.755750        1.258590        1.025740        1.132860        1.375310        0.831520        1.353440        1.229130 
       0.432700        0.926430        1.028290        1.096410        2.157970        1.154960        2.166260        1.399840        0.665660        0.858470        0.469110        1.817170        2.000050        0.821920        1.378020        0.708250        0.592960        0.528380        0.760890        1.400950        1.807620        0.819930        1.040010        0.641700        0.500380        0.874080        1.344640        3.623230        0.666950        0.953360        0.994070        1.211370        0.425340        0.622590        0.535710        0.601950        0.806850        0.488860        0.905700        0.817550 
       0.598550        1.461080        1.659280        1.775260        3.548720        1.832790        3.561410        2.249030        1.020850        1.366980        0.688170        2.967160        3.327300        1.286890        2.254670        1.100120        0.897050        0.782260        1.182870        2.300460        2.970340        1.292900        1.640360        0.985070        0.731110        1.374590        2.173020        6.039350        0.987530        1.407560        1.597620        1.952450        0.598200        0.955670        0.792900        0.922550        1.251270        0.726160        1.442610        1.311670 
       0.535130        1.225430        1.387010        1.479320        2.907620        1.518680        2.908360        1.854080        0.875090        1.154420        0.612210        2.438060        2.716030        1.086800        1.863090        0.937630        0.776560        0.684660        1.004000        1.896590        2.429870        1.090050        1.382160        0.845610        0.640170        1.170990        1.808570        4.940110        0.858780        1.226460        1.355950        1.618130        0.536610        0.826600        0.693690        0.798030        1.071790        0.640300        1.231070        1.114290 
       0.694190        1.765690        2.017300        2.160420        1.903090        0.633430        1.090730        0.745800        1.693870        1.656590        0.944910        1.884360        0.978560        0.464150        0.885140        0.686070        1.671370        1.450020        1.210180        0.786550        0.917150        0.518880        1.007550        0.618600        1.330580        2.670100        4.294690        8.526540        0.650620        0.919540        0.957320        1.168430        1.053120        1.821860        1.457830        1.445040        1.370030        0.909070        0.868420        0.786630 
       1.118620        3.150960        3.640770        3.910060        2.993640        0.734250        1.316120        0.877220        1.366070        2.962140        1.171270        3.050750        1.171640        0.517570        0.868170        0.522310        0.867780        0.747370        0.767150        0.851860        1.093430        0.531320        0.764820        0.477120        0.700070        1.321080        2.123580        4.709150        0.510860        0.733550        0.701090        0.888130        0.568320        0.915870        0.763530        0.779820        0.842060        0.550640        0.643520        0.576350 
       1.629820        4.812580        5.589070        6.009130        4.659190        1.090360        2.061100        1.328460        2.393300        4.530410        1.838100        4.709990        1.858450        0.754340        1.416560        0.852820        1.716910        1.475720        1.390180        1.348390        1.707830        0.791370        1.284020        0.756640        1.350750        2.746200        4.490030        9.737830        0.785400        1.100040        1.211060        1.533020        1.063790        1.866580        1.491700        1.524890        1.551580        0.988940        1.089120        0.993400 
       2.680660        8.083410        9.420030       10.129880        9.057500        2.571950        5.075240        3.177320        3.590040        7.631110        2.976290        8.787110        4.703650        1.772760        3.279450        1.676860        2.336530        2.023930        2.287850        3.271050        4.211280        1.813710        2.533770        1.486940        1.858130        3.767620        6.143590       14.788310        1.472250        2.080400        2.458800        3.071490        1.440660        2.549260        2.028180        2.229240        2.513730        1.517450        2.206050        2.017030 
       0.808920        2.198460        2.516460        2.703490        5.565480        2.799540        5.584000        3.470870        1.488430        2.045070        0.946320        4.595240        5.201070        1.917470        3.476750        1.617620        1.288730        1.104860        1.749720        3.551300        4.632400        1.928260        2.455290        1.431210        1.016800        2.021830        3.310020        9.576780        1.404050        1.986630        2.383200        2.992650        0.802760        1.380720        1.120780        1.324300        1.827470        1.004730        2.130140        1.954250 
       0.383300        0.775600        0.853550        0.908430        1.763390        0.967300        1.772350        1.164240        0.567310        0.715260        0.392900        1.498750        1.625810        0.693170        1.135290        0.599240        0.508730        0.448960        0.643960        1.152640        1.487190        0.687990        0.870950        0.540660        0.429950        0.722090        1.106360        2.911120        0.577870        0.824290        0.819130        1.001740        0.366060        0.520370        0.459460        0.502880        0.676480        0.411520        0.744900        0.673280 
       0.471170        1.080150        1.204030        1.288520        2.382780        1.226520        2.335490        1.494220        0.813950        0.992770        0.526980        2.018210        2.141520        0.860130        1.693620        1.091000        0.739470        0.645230        0.867710        1.579040        1.935620        0.930170        1.640080        0.972980        0.607660        1.120540        1.778520        6.742360        0.978410        1.378560        1.578920        1.967410        0.500750        0.779110        0.656190        0.883020        1.325770        0.774500        1.421770        1.296970 
       0.314760        0.572010        0.606890        0.643390        0.860620        0.456440        0.747890        0.528480        0.528720        0.510280        0.332870        0.788100        0.634400        0.337720        0.910840        0.972330        0.516090        0.456930        0.460520        0.647710        0.619810        0.470840        1.460500        0.865580        0.437450        0.744540        1.165560        6.469490        0.883080        1.231630        1.396140        1.742570        0.368630        0.530140        0.465520        0.759760        1.269790        0.756330        1.256690        1.145650 
       0.338110        0.631680        0.684400        0.726460        0.804610        0.406330        0.629460        0.461170        1.136530        0.578450        0.518280        0.776200        0.543970        0.313430        0.558790        0.504980        1.275260        1.104050        0.895250        0.473770        0.529400        0.353570        0.722680        0.458980        1.018830        2.001800        3.208450        6.172020        0.498940        0.716600        0.669090        0.821140        0.819040        1.378470        1.117690        1.080380        1.008370        0.683480        0.613900        0.550260 
       0.615550        1.528260        1.730380        1.852790        2.042490        0.813320        1.476400        0.975110        3.032930        1.419200        1.243130        1.913420        1.333800        0.587460        1.359330        1.171490        3.441160        2.984210        2.323980        1.117720        1.226520        0.717030        1.753380        1.049490        2.723680        5.659510        9.216330       18.179160        1.040180        1.462810        1.701140        2.117280        2.080240        3.793850        2.970860        2.955200        2.645610        1.731450        1.534990        1.394220 
       0.343900        0.672390        0.718720        0.765340        1.156510        0.593790        1.042610        0.705110        0.953080        0.598280        0.463900        1.019560        0.898600        0.425510        0.739700        0.517570        1.031510        0.888270        0.812590        0.685470        0.856940        0.451300        0.760310        0.471730        0.821150        1.593560        2.587490        5.368690        0.507590        0.728990        0.690370        0.890180        0.662720        1.099160        0.904130        0.881630        0.882210        0.578000        0.630880        0.564390 
       0.697430        1.839140        2.092970        2.247900        4.497450        2.260460        4.477000        2.795200        1.284150        1.703140        0.811330        3.731190        4.153370        1.547690        2.920490        1.516860        1.128170        0.966890        1.461980        2.890100        3.705670        1.591850        2.313480        1.343980        0.894620        1.756390        2.875140        9.332950        1.327960        1.864680        2.241260        2.809460        0.715520        1.207120        0.985950        1.237620        1.772800        0.996500        2.007840        1.839410 
       0.398970        0.852910        0.936980        1.001200        2.036700        1.087340        2.055100        1.324270        0.606750        0.776940        0.412290        1.691890        1.852950        0.754100        1.275630        0.644150        0.538210        0.475070        0.696530        1.290130        1.701060        0.748480        0.952370        0.578800        0.454940        0.781880        1.230160        3.420700        0.610840        0.870440        0.884460        1.126390        0.382730        0.554870        0.484450        0.536720        0.725360        0.432980        0.802530        0.726880 
       0.327120        0.640170        0.679230        0.722780        1.441820        0.789690        1.449340        0.951780        0.466010        0.563470        0.319760        1.207790        1.275860        0.548200        0.936680        0.545260        0.422880        0.377490        0.521720        0.914820        1.194340        0.556900        0.804600        0.491380        0.369110        0.602720        0.939610        2.978500        0.525880        0.753320        0.720410        0.953870        0.313860        0.424030        0.384000        0.438970        0.627810        0.375820        0.653760        0.589560 
       0.474890        0.994390        1.086990        1.157830        1.545690        0.746140        1.304540        0.883880        0.911290        0.902830        0.551100        1.398710        1.143070        0.545340        1.668510        1.776560        0.888090        0.777790        0.781660        1.164340        1.085410        0.799630        2.684000        1.579290        0.731020        1.345520        2.144940       12.336100        1.553870        2.154060        2.613900        3.250420        0.603430        0.939720        0.790880        1.380050        2.345460        1.372550        2.346110        2.144200 
       0.331510        0.625070        0.668110        0.709020        0.947590        0.489910        0.817530        0.570630        0.575730        0.560370        0.357960        0.865450        0.699990        0.362770        1.010020        1.076310        0.562200        0.494140        0.499030        0.712900        0.677750        0.509790        1.619700        0.959350        0.473040        0.821580        1.293370        7.243660        0.967830        1.345830        1.557190        1.940230        0.396790        0.581450        0.504680        0.839720        1.410560        0.835180        1.399880        1.277710 
       0.381270        0.802860        0.880850        0.940840        1.051430        0.478600        0.796900        0.556810        1.534200        0.729710        0.644550        0.992990        0.680550        0.349360        0.701630        0.622120        1.730710        1.488100        1.182280        0.580390        0.657040        0.406110        0.914150        0.558010        1.367100        2.769670        4.528150        8.883890        0.592170        0.841500        0.843280        1.079090        1.072130        1.882250        1.503650        1.458690        1.327800        0.879550        0.765150        0.692370 
       0.898510        2.401140        2.738280        2.941360        3.234800        1.226350        2.309860        1.491130        4.837370        2.228560        1.926580        2.998860        2.074500        0.850860        2.127360        1.806930        5.507550        4.769000        3.681340        1.722440        1.908030        1.060190        2.744160        1.603210        4.338870        9.092960       14.834490       29.246160        1.576260        2.188300        2.659240        3.340280        3.303700        6.091010        4.746350        4.718070        4.206700        2.734900        2.383620        2.181290 
       1.431230        4.104690        4.743530        5.098710        5.565470        2.007690        3.918700        2.470770        8.369260        3.848390        3.300350        5.146270        3.600970        1.373680        3.664400        3.090270        9.541220        8.288510        6.364510        2.966880        3.240640        1.763290        4.708230        2.732020        7.527830       15.896280       25.896050       51.121340        2.624940        3.639260        4.638920        5.767310        5.687370       10.606410        8.210090        8.235360        7.304090        4.735710        4.146370        3.803930 
       4.722300       14.660620       17.164290       18.462120       20.825320        7.365670       15.041690        9.193950       13.595480       13.893390        7.348150       19.055120       14.178910        5.049740       14.811780       12.808910       13.276950       11.570450       10.547430       11.840180       12.507030        6.937780       19.585050       11.310660       10.517410       22.243650       36.185520       67.809420       10.580870       14.734080       19.597700       24.123490        7.887110       14.800740       11.415220       18.388510       25.578510       16.041250       17.516980       16.070190 
       0.955650        2.546110        2.913460        3.124900        3.899560        1.606640        3.077470        1.963050        2.917280        2.378020        1.461670        3.520060        2.826100        1.124010        3.781190        3.848980        3.017010        2.619910        2.351150        2.703270        2.555660        1.705010        5.861590        3.409170        2.397930        4.916150        7.977290       35.427740        3.247720        4.490480        5.810610        7.186940        1.851570        3.314890        2.614620        7.819240       12.958290        8.760210        5.200890        4.764850 
       1.736000        4.796960        5.518780        5.924320        7.935460        3.341420        6.557170        4.114090        4.351860        4.491000        2.417460        7.043070        6.069000        2.313760        8.662210        9.133450        4.221310        3.672710        3.683390        6.021080        5.443650        3.799860       13.932330        8.075090        3.368380        6.873400       11.149770       66.333410        7.633710       10.565520       13.866020       17.108530        2.593010        4.629470        3.658460        7.120440       12.169200        6.981590       12.404750       11.371040 
       0.442430        0.933630        1.010470        1.079540        1.465390        0.705950        1.246530        0.838950        0.853600        0.833360        0.493420        1.313760        1.064710        0.497530        1.572940        1.681530        0.831850        0.716670        0.727810        1.084700        1.020950        0.743500        2.557120        1.488780        0.680470        1.245400        2.021750       11.844980        1.477630        2.043360        2.466000        3.104420        0.554950        0.866440        0.735970        1.294830        2.216820        1.286000        2.205600        2.022110 
       0.486120        1.108420        1.240350        1.325980        1.752100        0.807050        1.456280        0.967400        1.018260        1.026580        0.599620        1.580440        1.312570        0.581240        1.910810        2.035250        0.992810        0.864730        0.870940        1.331730        1.216360        0.885430        3.078410        1.805230        0.800810        1.538430        2.464370       14.332860        1.744360        2.414720        3.034290        3.751690        0.652000        1.062750        0.875420        1.582290        2.697590        1.573510        2.722590        2.490340 
       0.313690        0.548020        0.585150        0.619680        0.689240        0.367610        0.550800        0.412630        0.961760        0.498550        0.457450        0.674170        0.469880        0.297460        0.487460        0.443240        1.075650        0.933110        0.763630        0.412210        0.466650        0.321990        0.626120        0.405460        0.865480        1.666040        2.661070        5.088500        0.447220        0.647400        0.573390        0.703760        0.701070        1.155000        0.946280        0.910560        0.859140        0.584380        0.533100        0.474000 
       0.484890        1.125320        1.256770        1.345150        1.487540        0.626740        1.094760        0.742050        2.190130        1.036080        0.912820        1.398680        0.963250        0.459490        0.995560        0.860070        2.480170        2.148840        1.677880        0.815630        0.911470        0.543160        1.285040        0.771370        1.965190        4.038380        6.582920       12.955950        0.788720        1.106500        1.222730        1.532090        1.516870        2.722460        2.148470        2.117490        1.911130        1.256090        1.107530        1.004410 
       0.335530        0.615450        0.662290        0.702190        0.779780        0.399300        0.611580        0.451830        1.096820        0.562870        0.510280        0.755540        0.527140        0.314270        0.544610        0.490960        1.229900        1.068360        0.865910        0.462600        0.518280        0.352120        0.704220        0.450120        0.984200        1.928330        3.084080        5.917200        0.488200        0.702540        0.654740        0.797290        0.792240        1.327690        1.078740        1.041890        0.977200        0.662640        0.603110        0.538880 
       0.433310        0.965700        1.064450        1.138640        1.347250        0.593830        1.039830        0.704760        1.486560        0.878730        0.678190        1.246640        0.898990        0.433650        1.053600        0.999410        1.627290        1.403510        1.161820        0.809370        0.857470        0.548660        1.504590        0.891890        1.291150        2.603080        4.244110       11.999480        0.897200        1.256940        1.426540        1.818990        1.011890        1.765800        1.414510        2.971150        4.366430        3.037510        1.287390        1.169620 
       0.802220        2.067900        2.354230        2.525180        3.107880        1.298470        2.441470        1.576800        2.483290        1.923390        1.211290        2.818900        2.222780        0.903480        2.895240        2.910920        2.594900        2.236720        1.986120        2.098740        2.025570        1.333860        4.420320        2.576550        2.048660        4.185230        6.814810       28.320090        2.480730        3.432880        4.366330        5.395690        1.594770        2.836910        2.249460        7.056570       11.659450        8.016780        3.909080        3.581180 
       0.407500        0.891950        0.976020        1.044600        1.309810        0.600090        1.056410        0.713130        1.068460        0.803500        0.537480        1.195480        0.908090        0.430400        1.187420        1.195190        1.115260        0.956750        0.861530        0.865850        0.869050        0.588960        1.812060        1.061950        0.888140        1.736550        2.837750       11.577110        1.060610        1.472860        1.736360        2.195720        0.705300        1.189680        0.973330        2.969800        4.904620        3.389700        1.558500        1.424510 
       0.697630        1.726960        1.950450        2.090470        2.769080        1.225060        2.284330        1.484800        1.581720        1.599110        0.891300        2.480040        2.072580        0.860290        3.041280        3.239420        1.539740        1.323480        1.336670        2.097920        1.901470        1.359220        4.922780        2.870590        1.221170        2.419590        3.924630       23.279850        2.744710        3.784760        4.874270        6.031040        0.976310        1.658600        1.344760        2.512390        4.309240        2.490330        4.363100        3.997690 
       0.470570        1.120940        1.250000        1.341030        1.797940        0.814860        1.500480        0.983320        1.028600        1.020640        0.560580        1.603160        1.325310        0.556020        1.955610        2.086190        1.001380        0.853050        0.869660        1.345860        1.235200        0.883600        3.185980        1.844530        0.791230        1.534620        2.521980       14.996900        1.793080        2.467290        3.122550        3.887680        0.632640        1.059040        0.874020        1.613630        2.771790        1.600360        2.790990        2.560520 
       0.661503        1.645054        1.817185        1.973674        1.561519        0.483370        0.771466        0.561282        0.760759        1.528280        0.686438        1.633016        0.678749        0.387558        0.536594        0.390406        0.549593        0.483824        0.506512        0.540695        0.656269        0.383694        0.512803        0.360309        0.465977        0.778850        1.178016        2.375107        0.417427        0.613755        0.476469        0.543473        0.410397        0.569753        0.501019        0.492534        0.560270        0.394369        0.464090        0.404148 
       1.055922        2.800233        3.306711        3.557717        2.635932        0.687318        1.207921        0.839301        1.242353        2.589224        1.087208        2.732494        1.108149        0.519758        0.817717        0.516745        0.832602        0.726371        0.722342        0.800587        1.034661        0.523791        0.737358        0.473460        0.667840        1.224263        1.966398        4.120893        0.510622        0.747147        0.684852        0.830409        0.552230        0.880980        0.711707        0.738588        0.814953        0.543834        0.636186        0.577095 
       3.916143       12.489158       14.697240       15.847553       11.503114        2.461288        4.908500        3.073364        5.243277       11.722415        4.516577       12.165337        4.483662        1.665124        3.247427        1.751899        3.057493        2.684204        2.732507        3.225517        4.212939        1.801421        2.633432        1.582247        2.428943        4.983641        8.443040       18.439839        1.523321        2.143857        2.579730        3.276362        1.878874        3.462179        2.686741        2.937376        3.120555        1.945513        2.359306        2.170984 
       1.623396        4.814353        5.704319        5.915032        4.569329        1.081660        1.960170        1.254719        2.013631        4.487717        1.745489        4.760335        1.777684        0.724569        1.302713        0.765113        1.262460        1.077451        1.133099        1.272854        1.614564        0.763160        1.086062        0.656898        1.004159        2.033592        3.188135        7.145573        0.703755        1.010166        1.025468        1.300761        0.803511        1.404496        1.109391        1.142829        1.215443        0.781185        0.936905        0.857427 
       1.259497        3.526890        4.110639        4.267970        4.663413        1.727760        3.305205        2.119510        1.736878        3.263732        1.373617        4.320338        3.091148        1.217835        2.194507        1.098435        1.275774        1.070080        1.348840        2.134732        2.799677        1.263830        1.672630        0.992220        1.003817        1.979821        3.145503        7.950528        1.003777        1.447405        1.597666        1.934339        0.814827        1.335332        1.108680        1.223884        1.495429        0.894991        1.455538        1.311437 
       0.471048        0.996649        1.123528        1.197383        2.296147        1.214492        2.297841        1.536727        0.717698        0.928153        0.496561        1.973452        2.188836        0.874092        1.513284        0.757291        0.624230        0.565674        0.807579        1.517508        1.950020        0.863284        1.134384        0.701827        0.534911        0.929987        1.440409        3.926904        0.724151        1.007892        1.090138        1.314595        0.454857        0.672645        0.584980        0.657829        0.847655        0.523172        0.983949        0.880391 
       0.633006        1.579776        1.811427        1.938673        3.876554        1.965703        3.766968        2.458689        1.107194        1.474160        0.745780        3.147913        3.541756        1.389623        2.449682        1.200147        0.969717        0.857134        1.285120        2.451243        3.213528        1.389219        1.786774        1.073437        0.775918        1.486533        2.347391        6.578315        1.058098        1.542379        1.739903        2.143727        0.638641        1.010027        0.838611        1.001037        1.353893        0.779355        1.542514        1.442092 
       0.573238        1.326306        1.477146        1.604778        3.196873        1.632909        3.162157        1.970572        0.951740        1.240009        0.649783        2.671910        2.900434        1.148911        1.961413        0.997438        0.852603        0.743919        1.099278        2.048574        2.599075        1.158021        1.499625        0.918648        0.694207        1.263032        1.937737        5.290239        0.903057        1.298879        1.427639        1.703530        0.586614        0.887626        0.752370        0.873355        1.139541        0.681039        1.307548        1.204846 
       0.748187        1.914093        2.146534        2.309441        2.036693        0.691113        1.158964        0.818721        1.799303        1.782221        1.027092        1.986232        1.034947        0.505219        0.954348        0.731686        1.824322        1.573442        1.280273        0.845322        0.968039        0.562627        1.073656        0.649534        1.453098        2.842695        4.603852        9.257738        0.702201        1.004546        1.007184        1.238193        1.106096        1.992734        1.568011        1.581220        1.464438        0.963400        0.952799        0.838845 
       1.180032        3.447449        3.950192        4.212237        3.171036        0.771262        1.447439        0.926375        1.476289        3.204774        1.243163        3.271947        1.251937        0.560648        0.940071        0.559884        0.919123        0.787742        0.816239        0.922639        1.154650        0.579151        0.821952        0.501143        0.762599        1.433110        2.242050        4.999687        0.556228        0.802245        0.759693        0.964938        0.611689        0.994885        0.815542        0.828292        0.894232        0.600112        0.695168        0.630523 
       1.757328        5.086086        6.125956        6.331758        5.026122        1.159029        2.261385        1.413010        2.616046        4.916615        2.006223        5.073973        1.994670        0.829207        1.531611        0.917079        1.870233        1.599659        1.513388        1.467956        1.846947        0.866402        1.403642        0.807509        1.431283        3.014815        4.870292       10.245123        0.858888        1.187674        1.320191        1.650683        1.133241        2.001092        1.575756        1.676444        1.673192        1.043098        1.195306        1.085462 
       2.919095        8.832569       10.314799       10.700321        9.657887        2.786375        5.478563        3.364971        3.811976        8.152795        3.157781        9.237501        5.110373        1.872770        3.488190        1.818145        2.546627        2.149963        2.463721        3.480523        4.450408        1.993974        2.744938        1.633100        1.991239        4.016763        6.492271       16.039564        1.561593        2.188483        2.703296        3.313646        1.574537        2.715564        2.160445        2.357857        2.761547        1.607241        2.399910        2.147472 
       0.857852        2.315612        2.708503        2.855112        6.043753        2.986585        5.886462        3.655848        1.628202        2.184989        1.040825        4.979006        5.693947        2.034290        3.748666        1.710700        1.373150        1.171316        1.883311        3.853703        5.040843        2.045735        2.607432        1.548257        1.104244        2.142839        3.545824       10.399181        1.513102        2.133392        2.524834        3.257282        0.878945        1.475567        1.201299        1.392245        1.980544        1.091259        2.275041        2.083032 
       0.405154        0.836600        0.907735        0.981714        1.898156        1.049587        1.919135        1.233303        0.608817        0.764431        0.429903        1.627372        1.737471        0.753447        1.232833        0.652901        0.542532        0.484609        0.684890        1.216085        1.612943        0.723543        0.919443        0.586926        0.460586        0.765392        1.179360        3.138572        0.627649        0.905592        0.873931        1.075827        0.386179        0.555304        0.484724        0.539872        0.731071        0.439485        0.792157        0.727399 
       0.495713        1.147263        1.324139        1.395744        2.549833        1.341656        2.464987        1.626469        0.864267        1.064114        0.571495        2.210635        2.271830        0.913741        1.798324        1.181295        0.808247        0.693045        0.934727        1.670394        2.096556        0.994616        1.737630        1.035362        0.660121        1.177612        1.902140        7.303784        1.065179        1.505244        1.689852        2.079725        0.549873        0.852179        0.692893        0.954386        1.418936        0.844371        1.561912        1.419837 
       0.344564        0.615137        0.640273        0.693378        0.920756        0.480723        0.805338        0.555229        0.567886        0.539743        0.350736        0.845588        0.682247        0.360535        0.980185        1.039852        0.560162        0.487033        0.491107        0.701304        0.665178        0.507967        1.562675        0.934827        0.460207        0.817395        1.275911        6.898318        0.967133        1.308553        1.491552        1.905936        0.392508        0.559624        0.493128        0.821072        1.347002        0.822586        1.358402        1.236788 
       0.363479        0.668194        0.750575        0.768761        0.880701        0.439265        0.682943        0.488140        1.228687        0.614381        0.550729        0.842214        0.574973        0.333906        0.596169        0.535382        1.374912        1.192487        0.970207        0.515866        0.564848        0.372220        0.764863        0.485416        1.091641        2.183350        3.494231        6.697255        0.534104        0.772575        0.726916        0.882924        0.876642        1.470883        1.180572        1.188118        1.072278        0.740241        0.668468        0.584140 
       0.654010        1.629444        1.817042        2.018850        2.233415        0.855268        1.597560        1.033616        3.311074        1.495717        1.316052        2.019147        1.404717        0.623146        1.448723        1.285520        3.779043        3.215897        2.468301        1.183452        1.334205        0.760244        1.909845        1.116802        2.931138        6.160000        9.731192       19.415506        1.125354        1.584899        1.857250        2.275593        2.258854        4.156886        3.243199        3.215425        2.880451        1.841376        1.679879        1.470377 
       0.367122        0.733928        0.784079        0.805356        1.264114        0.629775        1.116361        0.761502        1.023635        0.645825        0.494817        1.091715        0.950704        0.460785        0.789634        0.545297        1.131461        0.953864        0.863579        0.747355        0.933607        0.486501        0.824834        0.509306        0.883361        1.738739        2.778502        5.880147        0.548012        0.789446        0.739590        0.965024        0.708583        1.205894        0.974193        0.949731        0.953410        0.613129        0.680317        0.615009 
       0.750477        1.949459        2.259091        2.421982        4.859187        2.389681        4.758597        3.029346        1.405297        1.798453        0.874179        3.953738        4.363789        1.636035        3.206483        1.629959        1.222667        1.019152        1.577296        3.133417        4.051125        1.708408        2.523788        1.415043        0.968625        1.911770        3.112986       10.251875        1.436545        2.027193        2.441887        3.086290        0.775047        1.314502        1.067540        1.326962        1.868831        1.090221        2.172214        1.979767 
       0.428099        0.921539        0.996471        1.101080        2.149316        1.152072        2.194363        1.396839        0.643006        0.829759        0.447425        1.859607        1.966719        0.818212        1.391167        0.706380        0.581065        0.519992        0.752756        1.400524        1.849622        0.815209        1.018328        0.623104        0.488628        0.830262        1.312583        3.734964        0.661752        0.935985        0.956472        1.237609        0.409488        0.594557        0.529337        0.570152        0.795401        0.460015        0.874021        0.777960 
       0.350051        0.675927        0.720678        0.769782        1.584640        0.845077        1.563115        1.037723        0.495861        0.609079        0.349814        1.273198        1.377327        0.602705        1.016998        0.578829        0.459364        0.400552        0.573089        1.006217        1.293384        0.591857        0.875848        0.532755        0.404733        0.652196        1.007244        3.261492        0.565329        0.814380        0.770683        1.023570        0.332610        0.453825        0.411521        0.465185        0.671908        0.407893        0.694952        0.646872 
       0.515497        1.071885        1.166714        1.264444        1.664536        0.788378        1.393770        0.967840        0.965860        0.961140        0.593646        1.481994        1.229780        0.594525        1.789449        1.917586        0.962136        0.827796        0.833981        1.252285        1.158163        0.851678        2.831855        1.661481        0.787164        1.454787        2.317111       13.277468        1.698943        2.363329        2.834774        3.447596        0.657435        1.024465        0.849487        1.513650        2.540326        1.444866        2.484162        2.293536 
       0.363801        0.657610        0.705076        0.766802        1.001660        0.517936        0.886305        0.612079        0.616191        0.616357        0.387344        0.935638        0.767287        0.396755        1.072077        1.169876        0.601178        0.536118        0.527147        0.778683        0.741853        0.535833        1.757565        1.022583        0.505809        0.873927        1.379375        7.792666        1.057007        1.472287        1.650906        2.131526        0.432807        0.616994        0.543555        0.898863        1.517468        0.878124        1.510714        1.364229 
       0.406211        0.868892        0.935425        1.007150        1.116800        0.516713        0.869971        0.590766        1.634375        0.769884        0.699331        1.043264        0.716684        0.375721        0.743994        0.653680        1.844709        1.595569        1.290919        0.615009        0.704497        0.435924        0.976846        0.594494        1.459491        3.017919        4.950576        9.600672        0.636599        0.919345        0.888194        1.146260        1.172941        2.070449        1.609920        1.590790        1.416949        0.930015        0.815402        0.735256 
       0.979259        2.567678        2.945613        3.189742        3.438620        1.316589        2.532739        1.578490        5.179604        2.431873        2.074779        3.296636        2.191099        0.894470        2.297912        1.973227        5.855766        5.229090        3.974942        1.869373        2.030296        1.146783        2.940368        1.741225        4.683721        9.955455       15.814417       31.104135        1.692376        2.304637        2.811574        3.590967        3.576000        6.396518        5.158482        4.972044        4.445690        2.887574        2.503325        2.337945 
       1.523910        4.380795        5.184913        5.419902        6.091673        2.109867        4.225689        2.676050        8.812716        4.155180        3.626004        5.629737        3.881738        1.459718        3.974493        3.266720       10.020130        9.007769        6.759789        3.138399        3.564135        1.902184        5.060977        2.919777        8.068737       17.324966       28.110298       55.150342        2.875570        3.890927        4.925322        6.137784        6.129731       11.281664        8.888192        8.669094        7.793611        5.018795        4.438395        4.023074 
       5.113226       15.896797       18.368205       19.791774       22.312684        7.983312       15.980057        9.755851       14.839661       14.683291        7.769379       20.830368       15.152896        5.471733       15.815385       14.014903       14.031865       12.515963       11.362251       12.765439       13.688970        7.414894       20.752520       12.104067       11.489003       24.026462       39.097136       73.408297       11.219494       15.765065       20.603124       26.158788        8.330497       16.219812       12.342996       19.803635       27.221945       17.075680       19.216609       17.128507 
       1.028227        2.781043        3.071172        3.393659        4.145551        1.708740        3.362803        2.083833        3.112975        2.607868        1.604380        3.750346        2.982740        1.195582        3.985418        4.091951        3.301557        2.759948        2.487625        2.846259        2.692295        1.855704        6.288584        3.680248        2.568666        5.213374        8.587973       37.949319        3.410359        4.830045        6.307829        7.553887        1.996734        3.548375        2.773315        8.211538       14.227247        9.550974        5.611634        5.112874 
       1.873327        5.241997        5.860775        6.318458        8.436636        3.599045        7.177287        4.430623        4.623787        4.813986        2.606702        7.617486        6.376108        2.531091        9.323210        9.826354        4.478090        3.889086        3.937777        6.384372        5.942038        4.169293       14.823600        8.820595        3.560031        7.443995       11.862798       70.433927        8.134501       11.398763       15.112680       18.053736        2.815885        4.963841        3.942148        7.806136       13.137199        7.368244       13.568223       12.256185 
       0.483663        1.002778        1.082699        1.139605        1.552648        0.774296        1.319632        0.893909        0.898895        0.904411        0.528536        1.431711        1.126995        0.543751        1.652093        1.806450        0.877088        0.760404        0.776297        1.192543        1.121827        0.812366        2.695890        1.575116        0.715861        1.327455        2.177356       12.900371        1.597470        2.148166        2.670361        3.397747        0.592253        0.928288        0.795979        1.410040        2.350782        1.372504        2.317260        2.146623 
       0.512970        1.217895        1.320217        1.428687        1.905606        0.884987        1.549498        1.031273        1.079478        1.091199        0.640136        1.713350        1.390292        0.631862        2.076673        2.205209        1.085413        0.931480        0.933814        1.415270        1.328391        0.967928        3.296713        1.939365        0.873597        1.655471        2.698578       15.070871        1.842856        2.536775        3.247511        4.101561        0.709793        1.118038        0.928482        1.695569        2.844530        1.660424        2.965402        2.615530 
       0.329549        0.591366        0.623190        0.668863        0.747761        0.386979        0.595076        0.444157        1.018796        0.547365        0.500751        0.720178        0.505787        0.320941        0.523399        0.468460        1.135893        1.011559        0.828472        0.440513        0.494395        0.348841        0.676416        0.440010        0.911085        1.784684        2.862431        5.538758        0.482020        0.700825        0.606202        0.753659        0.756233        1.267449        1.017193        0.990200        0.902852        0.626615        0.562037        0.498318 
       0.526024        1.237066        1.328933        1.448324        1.589119        0.676381        1.163225        0.793922        2.373631        1.124125        0.981848        1.507552        1.014605        0.501669        1.067964        0.939667        2.641468        2.293515        1.811065        0.878315        0.991062        0.576221        1.361418        0.832258        2.125052        4.429468        7.180892       14.075534        0.863649        1.188678        1.312488        1.660920        1.662472        2.991320        2.340067        2.232518        2.058053        1.379909        1.174424        1.088976 
       0.360917        0.657553        0.724989        0.753490        0.841668        0.428099        0.657732        0.495016        1.200920        0.615023        0.542365        0.819660        0.567656        0.340729        0.580360        0.528164        1.306711        1.158714        0.949599        0.497517        0.553372        0.372596        0.739819        0.477955        1.081156        2.109305        3.287232        6.381103        0.523309        0.753447        0.706708        0.839144        0.846144        1.450139        1.138639        1.133673        1.033711        0.706904        0.662763        0.571148 
       0.468968        1.023829        1.161916        1.245450        1.479687        0.638579        1.117788        0.741076        1.586741        0.960401        0.741028        1.311588        0.952936        0.462527        1.120820        1.072004        1.734201        1.529662        1.273325        0.850276        0.914946        0.579313        1.599041        0.964776        1.357110        2.743148        4.540759       12.644168        0.956764        1.357081        1.540449        1.914977        1.070609        1.875212        1.542829        3.145736        4.754394        3.278920        1.402221        1.248422 
       0.861026        2.178016        2.530580        2.711692        3.309863        1.380732        2.614460        1.674626        2.627386        2.028356        1.280329        2.993082        2.381608        0.961882        3.070715        3.187243        2.734790        2.416517        2.180735        2.218806        2.145372        1.457140        4.714790        2.764879        2.229045        4.396005        7.400153       29.873473        2.648159        3.630302        4.668223        5.760883        1.692499        3.033321        2.440356        7.602142       12.634030        8.690011        4.260494        3.873772 
       0.445153        0.939558        1.031870        1.111503        1.411209        0.656483        1.135401        0.759166        1.124919        0.865828        0.576278        1.308116        0.997667        0.466692        1.275124        1.267167        1.201225        1.005547        0.925099        0.946073        0.944478        0.641980        1.965676        1.144773        0.949019        1.829329        2.987181       12.709418        1.161838        1.610587        1.876553        2.385985        0.744394        1.304551        1.055861        3.261759        5.193461        3.699166        1.673760        1.558894 
       0.751921        1.889476        2.065053        2.287379        2.949091        1.286642        2.487952        1.559441        1.698089        1.741157        0.977607        2.625723        2.276789        0.927200        3.326237        3.438613        1.627253        1.407442        1.435820        2.307533        2.044296        1.479578        5.254268        3.129146        1.307178        2.615841        4.224807       25.259849        2.935429        4.080511        5.187274        6.339209        1.060728        1.780250        1.433074        2.660797        4.545862        2.621668        4.746401        4.268733 
       0.507149        1.177996        1.354822        1.457911        1.918600        0.891137        1.623994        1.066709        1.107640        1.083085        0.602576        1.705932        1.442520        0.592428        2.115923        2.235242        1.067177        0.922325        0.918322        1.473305        1.339367        0.961772        3.377438        1.952459        0.832505        1.677533        2.682256       16.049457        1.933048        2.594487        3.351698        4.101332        0.678217        1.113448        0.960228        1.766946        3.006428        1.719890        2.977574        2.717029 
       0.719985        1.729004        1.940955        2.145674        1.700219        0.518961        0.830198        0.613789        0.802237        1.670451        0.724126        1.775204        0.720996        0.415268        0.571513        0.417087        0.597671        0.520338        0.533701        0.585197        0.697094        0.415743        0.557090        0.379353        0.501994        0.825997        1.273724        2.523468        0.459071        0.667119        0.513282        0.586103        0.431088        0.602426        0.548513        0.518271        0.594969        0.428791        0.497221        0.442002 
       1.140808        3.069147        3.498542        3.840548        2.808063        0.731662        1.328466        0.891146        1.363705        2.779902        1.165608        2.979425        1.209389        0.548779        0.883816        0.549418        0.899939        0.797175        0.774303        0.842319        1.134834        0.573039        0.790694        0.502521        0.731947        1.335421        2.111572        4.357165        0.551053        0.792697        0.722771        0.899119        0.582218        0.966702        0.757304        0.808772        0.878363        0.581500        0.668105        0.630520 
       4.215313       13.339295       15.751932       16.935268       12.616827        2.591511        5.382632        3.236468        5.640736       12.798923        4.895552       13.183056        4.896656        1.767996        3.534068        1.866774        3.358937        2.882937        2.981896        3.492171        4.561660        1.934289        2.789407        1.670280        2.668512        5.361920        9.216614       19.878076        1.622107        2.254665        2.755175        3.461403        2.066618        3.650990        2.891905        3.105917        3.399430        2.139494        2.549260        2.356419 
       1.720132        5.279788        6.127909        6.373476        4.922295        1.159764        2.081443        1.346244        2.141434        4.729202        1.872066        5.216480        1.896448        0.774283        1.408870        0.822706        1.337991        1.178687        1.242574        1.391504        1.704329        0.831244        1.161139        0.711407        1.072455        2.228821        3.504302        7.817715        0.755694        1.094503        1.083133        1.381486        0.850906        1.531208        1.175793        1.254624        1.285479        0.850810        1.022043        0.930251 
       1.358450        3.877938        4.471334        4.552239        5.055114        1.885994        3.634348        2.285244        1.866846        3.562664        1.489104        4.601173        3.282789        1.317614        2.356096        1.171213        1.395025        1.173594        1.425324        2.282189        3.011040        1.376916        1.808571        1.070842        1.070611        2.142789        3.344133        8.567278        1.068392        1.572146        1.728400        2.057332        0.881195        1.409847        1.188296        1.300760        1.613657        0.956380        1.589584        1.442008 
       0.509545        1.057940        1.188789        1.287462        2.489484        1.284573        2.449704        1.673164        0.788403        1.017983        0.527277        2.141635        2.385181        0.949701        1.647236        0.803393        0.665825        0.611836        0.858216        1.666518        2.066907        0.933508        1.234512        0.741027        0.565847        0.979506        1.571715        4.301450        0.783995        1.093299        1.167372        1.391033        0.484829        0.732617        0.636757        0.711789        0.894069        0.558602        1.069938        0.943423 
       0.674517        1.676177        1.922969        2.118163        4.250829        2.130275        4.068186        2.650682        1.182221        1.603549        0.792085        3.326689        3.834527        1.474700        2.630244        1.280228        1.063130        0.905414        1.388651        2.618428        3.471188        1.495829        1.952929        1.171396        0.842605        1.585818        2.475095        6.917088        1.115566        1.645498        1.881492        2.274541        0.695146        1.084691        0.912635        1.087007        1.472983        0.834971        1.625920        1.552704 
       0.610157        1.424483        1.587726        1.691043        3.473047        1.738856        3.390380        2.130466        1.008135        1.354411        0.694629        2.813550        3.070067        1.256776        2.127421        1.086507        0.909139        0.797505        1.198605        2.184957        2.745504        1.240035        1.625489        0.988720        0.746417        1.342090        2.105627        5.632166        0.974364        1.389722        1.546804        1.862693        0.620101        0.954144        0.791220        0.948126        1.198674        0.743807        1.435494        1.319100 
       0.822655        2.034574        2.354568        2.438618        2.180042        0.728872        1.260610        0.859769        1.971282        1.930264        1.086697        2.123826        1.093821        0.538439        1.042041        0.787836        1.994065        1.690950        1.387434        0.915574        1.031660        0.601838        1.175000        0.688027        1.564026        3.068036        4.904500        9.959717        0.740180        1.072569        1.080589        1.325339        1.172962        2.098039        1.696388        1.690516        1.582404        1.024299        1.028906        0.892900 
       1.240294        3.706152        4.202415        4.571692        3.398933        0.840789        1.569290        1.003230        1.603864        3.442953        1.364890        3.579141        1.370429        0.608038        1.023614        0.603281        0.974970        0.847567        0.875964        0.983018        1.241165        0.635971        0.877087        0.545908        0.820569        1.516187        2.363284        5.303365        0.594155        0.843460        0.833102        1.029780        0.666206        1.084030        0.866833        0.889020        0.950360        0.643595        0.739406        0.688056 
       1.879920        5.388098        6.678745        6.750124        5.306028        1.267321        2.400397        1.533676        2.848754        5.403138        2.190748        5.397385        2.116876        0.878386        1.655778        0.990276        2.022537        1.740825        1.652686        1.548983        1.986183        0.919281        1.494787        0.886039        1.522372        3.205653        5.241744       10.768870        0.911744        1.272732        1.390943        1.794991        1.215432        2.110872        1.698046        1.805632        1.790042        1.106153        1.290580        1.172172 
       3.116835        9.703750       10.948492       11.449772       10.505985        2.994811        5.778189        3.641150        4.021363        8.788446        3.439444        9.921398        5.418520        1.994643        3.757807        1.971247        2.771025        2.281991        2.672145        3.711871        4.893771        2.172651        3.016831        1.738144        2.125188        4.412243        6.822730       17.359339        1.665894        2.337100        2.848789        3.624138        1.669003        2.965283        2.295625        2.591444        2.971695        1.713163        2.561803        2.306112 
       0.918699        2.477893        2.968735        3.120657        6.446297        3.166580        6.405154        4.008262        1.735779        2.378386        1.099904        5.379498        6.227649        2.170740        4.062796        1.828812        1.503651        1.268496        2.002191        4.203608        5.436148        2.154967        2.843622        1.688693        1.199450        2.344806        3.775690       11.011494        1.611324        2.326700        2.731917        3.510259        0.949280        1.598579        1.300046        1.481015        2.170465        1.157853        2.457363        2.201716 
       0.440991        0.905276        0.955411        1.067852        2.023103        1.139239        2.062996        1.303416        0.668577        0.819989        0.451717        1.783280        1.903230        0.828542        1.332053        0.701067        0.576156        0.529353        0.749132        1.282439        1.731481        0.794292        0.967688        0.627065        0.491744        0.836484        1.274936        3.299686        0.679191        0.952548        0.935232        1.147424        0.423713        0.610587        0.520086        0.591838        0.779358        0.462329        0.863415        0.777295 
       0.526670        1.214300        1.422673        1.509441        2.728412        1.443782        2.624173        1.769015        0.909568        1.152779        0.604947        2.372504        2.387335        1.005092        1.961025        1.274287        0.880576        0.756366        1.005808        1.833322        2.289611        1.093608        1.867174        1.108502        0.695833        1.245748        1.999593        7.895073        1.135331        1.585281        1.854541        2.233675        0.581088        0.915333        0.756394        1.008308        1.498553        0.895109        1.653638        1.560447 
       0.365562        0.673646        0.681415        0.744163        0.992378        0.505933        0.878018        0.603311        0.600812        0.576642        0.375679        0.899407        0.717148        0.384318        1.074888        1.126285        0.589401        0.532023        0.518157        0.747499        0.709047        0.536320        1.685321        1.001174        0.494809        0.860736        1.360762        7.276350        1.034429        1.391678        1.580858        2.062572        0.419417        0.594542        0.521926        0.865116        1.475994        0.886768        1.431596        1.345412 
       0.390133        0.717093        0.823153        0.837151        0.927120        0.473485        0.726533        0.519420        1.335068        0.664937        0.595664        0.902229        0.617491        0.358104        0.636225        0.565940        1.451318        1.263651        1.029747        0.542152        0.600510        0.396052        0.828584        0.525131        1.174081        2.351307        3.842385        7.047222        0.562159        0.843002        0.792637        0.946332        0.956731        1.563121        1.263121        1.278256        1.153930        0.809375        0.732020        0.631882 
       0.699235        1.724852        1.982523        2.215411        2.398377        0.908743        1.684202        1.131252        3.600347        1.591402        1.388387        2.189089        1.504696        0.665481        1.571036        1.412993        4.095384        3.391929        2.616092        1.287607        1.405360        0.830308        2.090140        1.214111        3.132360        6.749747       10.434489       20.892808        1.202934        1.725626        1.996760        2.458150        2.467698        4.525617        3.500491        3.407475        3.069073        1.972178        1.797430        1.616237 
       0.400707        0.797595        0.832840        0.880364        1.365873        0.690690        1.207171        0.836044        1.076028        0.687874        0.533964        1.160582        1.025076        0.493801        0.852614        0.572804        1.242318        1.018534        0.926191        0.812039        1.001664        0.517883        0.869705        0.542682        0.962658        1.858626        2.990762        6.421674        0.595602        0.855961        0.776895        1.053256        0.765526        1.279741        1.023352        1.032927        1.035087        0.653786        0.724513        0.662321 
       0.813612        2.140461        2.406297        2.571635        5.243961        2.568099        5.052294        3.197908        1.485257        1.949698        0.956749        4.183141        4.786817        1.759837        3.446883        1.759923        1.289903        1.113932        1.680513        3.385055        4.413299        1.836928        2.727832        1.545822        1.059828        2.082553        3.419411       11.019976        1.574531        2.168899        2.672680        3.344156        0.851622        1.403946        1.125284        1.424335        2.021952        1.183860        2.331923        2.122427 
       0.450174        1.002576        1.047383        1.198602        2.340857        1.258162        2.334234        1.534930        0.702766        0.903065        0.477103        1.995981        2.072416        0.867616        1.482294        0.772880        0.635603        0.551128        0.809337        1.523298        1.951092        0.876281        1.087199        0.655694        0.523061        0.907117        1.433434        4.050300        0.724602        1.024708        1.045465        1.304436        0.443304        0.625305        0.575359        0.602354        0.865335        0.483629        0.943216        0.849999 
       0.377995        0.711385        0.764935        0.839464        1.665132        0.892109        1.678101        1.119502        0.541436        0.654071        0.372838        1.396168        1.513925        0.655491        1.084435        0.622708        0.483582        0.421939        0.624219        1.103716        1.380521        0.641337        0.921741        0.568530        0.430485        0.694249        1.086489        3.581495        0.617261        0.867273        0.829362        1.121724        0.355079        0.482021        0.439415        0.490099        0.705761        0.442691        0.740634        0.685458 
       0.546662        1.138171        1.243778        1.351081        1.781368        0.867114        1.527679        1.024675        1.034402        1.054129        0.633834        1.596844        1.294327        0.637534        1.931449        2.071847        1.029703        0.884399        0.881075        1.333008        1.261232        0.935946        2.991078        1.802170        0.856708        1.550110        2.499434       13.972664        1.826570        2.483057        3.095740        3.759097        0.705692        1.105704        0.896163        1.661337        2.761964        1.534216        2.716153        2.520950 
       0.387620        0.712745        0.740948        0.824842        1.073172        0.546463        0.950998        0.669238        0.672701        0.676449        0.412544        1.002122        0.814574        0.430579        1.168733        1.272534        0.639763        0.581080        0.570919        0.833510        0.816037        0.574424        1.917243        1.076650        0.539497        0.948212        1.516191        8.409156        1.115111        1.555092        1.755924        2.322815        0.474443        0.653150        0.593650        0.949136        1.617731        0.941247        1.660186        1.500259 
       0.436397        0.925185        1.018315        1.069412        1.219356        0.556447        0.956457        0.628990        1.793483        0.814362        0.765517        1.121425        0.752920        0.406455        0.792964        0.718323        1.963263        1.738202        1.394455        0.673040        0.747998        0.477856        1.034927        0.633469        1.601779        3.205306        5.340623       10.533710        0.675823        0.973811        0.949694        1.236381        1.247192        2.180180        1.740453        1.742157        1.506984        1.008999        0.889589        0.799633 
       1.038910        2.713466        3.216172        3.383086        3.718793        1.402338        2.703245        1.658522        5.477550        2.579427        2.223848        3.550461        2.342019        0.962730        2.446329        2.098569        6.230492        5.647998        4.277493        2.036092        2.170946        1.236803        3.102498        1.878548        5.020966       10.939379       17.032677       32.942883        1.793164        2.426628        2.978829        3.922857        3.836351        6.768387        5.445294        5.365724        4.696894        3.082259        2.677894        2.551572 
       1.625152        4.718523        5.455369        5.800736        6.504261        2.320609        4.501222        2.816840        9.333539        4.371416        3.826946        5.998255        4.267940        1.541282        4.306049        3.492979       10.577373        9.837002        7.367245        3.355392        3.763264        2.033497        5.533474        3.072614        8.748560       18.583798       30.862177       60.515580        3.046549        4.124576        5.257800        6.633197        6.556335       12.260111        9.342096        9.402820        8.243753        5.426071        4.726917        4.342690 
       5.454253       17.246888       19.701606       21.134349       24.017919        8.667109       17.164821       10.454886       16.037178       15.451355        8.202697       22.328105       16.284727        5.994668       16.951209       15.017507       15.108203       13.192353       11.941824       13.731681       14.679475        8.103420       21.934864       13.211153       12.309541       25.575163       41.524256       79.839224       12.173598       16.682285       21.736179       27.548356        8.798618       17.681858       13.296342       21.167170       28.614986       18.100705       20.351267       18.517966 
       1.130927        3.035421        3.249231        3.654250        4.410286        1.796922        3.625294        2.281469        3.379017        2.810153        1.722597        3.938052        3.149113        1.281862        4.316602        4.348005        3.581072        2.952725        2.701587        3.043222        2.851252        2.028158        6.861278        4.019346        2.806996        5.647944        9.420076       41.259504        3.711564        5.308133        6.682637        8.105945        2.107436        3.862370        2.977016        8.768167       15.045508       10.353014        5.898561        5.545597 
       1.976801        5.575063        6.416294        6.666121        9.027680        3.921682        7.579433        4.868324        4.936750        5.178425        2.773143        8.141821        6.711035        2.682418       10.023866       10.377454        4.889444        4.258138        4.298152        7.016954        6.329485        4.511182       15.805929        9.650027        3.881903        7.988669       12.473406       76.424798        8.615839       12.495138       16.324641       19.834977        3.068840        5.347919        4.156309        8.286446       14.192160        7.840792       14.698211       13.060840 
       0.529078        1.072874        1.175650        1.219103        1.640878        0.814628        1.390130        0.977482        0.988561        0.950149        0.564109        1.504021        1.186425        0.576091        1.763152        1.951603        0.961282        0.811034        0.838002        1.264178        1.184021        0.891966        2.936749        1.682897        0.763321        1.405106        2.342640       13.704406        1.677456        2.324257        2.850710        3.710343        0.636802        1.003038        0.836077        1.489757        2.578456        1.450371        2.521165        2.310399 
       0.556484        1.319937        1.401773        1.509422        2.003375        0.937695        1.693432        1.119553        1.137171        1.161784        0.674396        1.873971        1.466360        0.692761        2.209916        2.333207        1.175517        0.995115        0.996017        1.527926        1.435410        1.057218        3.578303        2.095295        0.934315        1.758799        2.916708       16.211684        2.010632        2.712802        3.454079        4.351345        0.745947        1.224070        0.990585        1.826371        3.069683        1.766413        3.248747        2.862611 
       0.361951        0.636771        0.670519        0.704792        0.809780        0.413142        0.649712        0.477028        1.089793        0.580585        0.532794        0.769786        0.532921        0.351284        0.565635        0.509455        1.216477        1.097503        0.908916        0.476493        0.538532        0.378356        0.718936        0.463979        0.973161        1.934041        3.080859        5.976448        0.510418        0.764491        0.665664        0.820532        0.824522        1.341252        1.100710        1.055310        0.956312        0.682966        0.593826        0.537748 
       0.559111        1.359745        1.409527        1.583421        1.724956        0.737080        1.228268        0.858099        2.562960        1.185798        1.040825        1.642384        1.097694        0.547485        1.166368        0.994897        2.793046        2.462765        1.973142        0.937791        1.062241        0.618863        1.438293        0.890144        2.319104        4.830786        7.763491       15.104062        0.946206        1.297082        1.398284        1.799571        1.764611        3.270035        2.547617        2.438444        2.262712        1.496982        1.234373        1.176015 
       0.384345        0.704312        0.785444        0.822683        0.919177        0.451794        0.707758        0.544334        1.315425        0.654002        0.572358        0.886622        0.596266        0.362032        0.615629        0.564707        1.422230        1.228710        1.036278        0.535112        0.588980        0.402797        0.801081        0.522778        1.158612        2.219785        3.458942        6.996000        0.574694        0.805561        0.752369        0.893566        0.925941        1.552598        1.203268        1.190618        1.134738        0.775235        0.712513        0.623011 
       0.497206        1.115213        1.222611        1.319199        1.608007        0.686642        1.198606        0.808232        1.729674        1.013598        0.787421        1.408475        1.038011        0.497995        1.227190        1.157717        1.886072        1.614800        1.357072        0.897713        0.969201        0.636748        1.743426        1.036564        1.432415        2.931319        4.837619       13.608678        1.039241        1.444526        1.652884        2.088866        1.137304        2.028900        1.648794        3.309412        5.013421        3.493300        1.508315        1.370399 
       0.929678        2.320979        2.738532        2.848344        3.625799        1.486425        2.779776        1.761547        2.886894        2.164968        1.364322        3.260379        2.611428        1.023468        3.368940        3.368282        2.947826        2.556879        2.355928        2.375081        2.292809        1.567470        4.956954        2.911063        2.414049        4.631972        8.054563       32.230703        2.894112        3.851646        4.916159        6.239597        1.797238        3.277204        2.567006        8.029613       13.415141        9.463804        4.477985        4.191765 
       0.468494        1.025164        1.091813        1.185387        1.500465        0.710665        1.242963        0.817064        1.200725        0.945069        0.626782        1.420246        1.078757        0.491378        1.345266        1.390303        1.263700        1.094055        0.989773        0.998145        1.020557        0.684579        2.126424        1.216325        1.022949        1.954326        3.238484       13.467398        1.262830        1.692732        2.014980        2.569822        0.802278        1.426074        1.131692        3.437972        5.710469        3.962896        1.760594        1.691914 
       0.823816        2.051333        2.209563        2.494917        3.158795        1.397100        2.731071        1.711821        1.790261        1.915010        1.063166        2.798550        2.478724        0.998231        3.588011        3.760583        1.715151        1.514195        1.537509        2.471973        2.225305        1.600685        5.719875        3.338251        1.419571        2.862448        4.502578       26.684343        3.117130        4.325713        5.473906        6.807951        1.124475        1.932851        1.575605        2.881358        4.974290        2.866408        5.064984        4.677648 
       0.553184        1.288390        1.434039        1.542010        2.037316        0.955213        1.729097        1.141908        1.181596        1.151627        0.641318        1.833740        1.545079        0.631731        2.222662        2.347277        1.158565        0.995152        0.977016        1.614276        1.434776        1.024091        3.546614        2.130851        0.887258        1.767632        2.853742       17.070848        2.108661        2.731674        3.663213        4.503161        0.726460        1.191459        1.050028        1.874768        3.229128        1.850096        3.159271        2.911895 
       3.000000        3.000000        3.000000 
       0.750000        0.750000        0.750000 
       2.000000        2.000000        2.000000 
   32631.952931
   41718.494189
   53172.411077
   49776.269065
   50974.543714
   34343.839091
   47023.318272
   38941.807076
   40963.654870
   41667.081552
   41757.927822
   52102.410503
   49927.590346
   33561.553598
   41715.712965
   36744.699165
   38437.929578
   48104.866239
   35407.254558
   43657.459693
   40841.023879
   33363.647553
   48654.874704
   35146.378349
   36543.880885
   53080.662759
   53333.666323
   54925.946087
   51128.795461
   52842.652030
   45142.784153
   50636.665801
   33965.663040
   43775.982602
   36454.871428
   46488.962085
   51527.764514
   43109.791462
   50658.199211
   43807.478506
   1
   1
   1
   1
   1
   1
   1
   1
   1
   1
   1
   1
   1
   1
   1
   1
   1
   1
   1
   1
   1
   1
   1
   1
   1
   1
   1
   1
   1
   1
   1
   1
   1
   1
   1
   1
   1
   1
   1
   1
    1275.242158    1377.078226    1504.443358
     350.787926     380.357121     407.728625
    2120.193901    2285.366759    2483.155918
    2307.024136    2512.168833    2706.183986
    3619.586625    3850.479293    4202.994336
    2510.396941    2692.901965    2838.378832
    3284.218391    3559.298119    3797.908071
    2259.842180    2424.673347    2562.900523
    2811.762870    3090.429193    3396.260679
    3094.387548    3400.402997    3687.777369
    1411.765237    1519.445351    1632.665292
    1773.484175    1875.348427    2024.551577
    1352.680313    1466.867801    1570.663684
    2383.011978    2530.816612    2709.245094
    2690.504122    2914.701853    3176.417477
    1484.413028    1588.721052    1741.990671
    3262.394085    3456.572596    3796.459585
    1951.576613    2089.066071    2272.990212
    2873.376768    3141.255775    3312.468453
    1677.335077    1781.769880    1956.988763
    3013.022291    3206.482103    3461.942839
    1162.236430    1222.783249    1290.038754
    2762.145224    2980.684045    3153.655962
     335.877248     355.427463     383.228622
    1128.619409    1216.969433    1304.521633
    1802.506395    1975.627765    2143.939290
     965.983680    1018.785993    1075.471064
     411.817950     448.499119     482.752150
    3420.631302    3738.271793    4019.609064
    3661.205608    3937.240200    4227.399438
     763.351373     809.869517     864.876235
    1023.670254    1080.469318    1141.227788
     339.790327     361.164753     396.458972
    2549.708620    2680.668417    2850.833228
    2996.857736    3250.461577    3450.149654
    3625.540298    3888.274964    4127.953234
    1387.902355    1514.233365    1592.537536
    2608.872921    2761.840759    3019.355209
    2213.179271    2340.166740    2482.075104
     527.462018     577.778325     609.733608
   20055.487137    21914.997497    23293.421227 
   25686.586993    27736.763439    30013.637946 
   32875.887664    35744.689397    37724.245093 
   30827.588253    33269.983383    35454.966493 
   31469.841602    34289.613193    36189.632634 
   21447.450834    22958.924389    24281.302958 
   28813.373069    31620.406066    33612.857410 
   24441.506238    25990.890536    27451.217378 
   25497.435727    26914.824557    29515.049457 
   26028.578261    27362.694836    29942.890008 
   25424.193973    27837.075464    30254.586206 
   32001.947517    34806.842501    37396.030987 
   30807.071708    33424.549304    35623.559680 
   20753.077965    22182.302375    24187.726856 
   25441.263342    27738.096920    30252.065669 
   22671.230078    24337.721527    26480.446725 
   23585.645535    25795.211765    27495.001855 
   29430.923301    31952.810432    34825.998744 
   22064.608555    23742.601615    25007.298946 
   27293.217397    28755.291592    31266.410396 
   25355.033933    27040.326965    29286.686860 
   20860.346579    22104.951763    23761.996764 
   30763.814075    32359.087839    34186.847493 
   22009.121418    23209.356398    25074.278882 
   23013.286843    24396.809116    25677.665811 
   32862.294096    35505.609207    37793.422216 
   33385.304375    35252.128459    38029.899812 
   33532.032621    36431.074219    39888.785335 
   31839.247163    33847.528568    36570.815191 
   33061.816542    35102.513730    37520.973788 
   28159.614328    29644.467452    32481.486526 
   30964.587541    33697.271240    36611.472821 
   21231.265674    22531.694481    24168.365924 
   27053.441413    29487.111790    31011.412001 
   22456.053219    24185.471562    26268.218074 
   28914.746390    31212.298200    32850.879581 
   32275.039094    34214.427473    36566.062461 
   26429.095776    28521.274864    31269.212284 
   30975.546125    33574.345973    36766.506325 
   27440.075577    29312.820768    30862.060666 
