  10   2
   20355.966023     16167.127237
   39988.592020     19773.197847
   23572.548971     31529.184022
   37304.369590     32079.249435
   24512.513179     38835.826089
   40867.253869     38565.884488
   27520.840478     46921.515986
   36067.877874     44894.490748
   19345.710923     51972.040940
   33635.749233     49663.479404
      75.455160       36.992250       54.503740       19.269930       20.093530       17.650830       56.770230       17.080500       18.831190       16.385700 
      25.793680       38.375560       24.997800       26.576220       18.289200       23.168780       38.161870       20.412130       12.482780       16.597520 
      66.812590       39.315400       51.186310       22.408500       24.202840       20.514430       70.558250       20.242000       22.999690       19.424020 
      17.329130       33.119610       18.761160       24.907980       16.361600       22.929530       40.161070       23.146280       11.420450       18.670240 
      17.485420       25.137020       21.182770       19.093040       23.480380       18.306310       73.409770       20.087670       23.889580       19.434310 
      11.607170       18.441950       12.168340       16.115400       11.117000       16.942850       37.166850       21.828940        9.556350       18.066350 
      82.372600       77.535140       90.449230       67.791970       95.057940       72.635600      312.258790       98.826690      110.006660      110.368410 
      35.143120       41.734510       36.299460       48.415280       35.711070       57.578140      173.373140       89.946000       41.226350       91.825380 
      12.196230       11.899530       15.345270       10.239040       18.935880       11.158610       67.875160       15.064250       23.622110       20.372560 
      21.717650       24.963930       22.806940       27.790220       23.083630       32.891690      109.098310       50.846560       30.247210       63.327840 
      80.844929       39.879253       57.381957       20.791171       21.530101       19.226326       62.440409       17.947479       19.799818       17.366007 
      27.268470       41.361855       27.202835       27.939542       19.580669       25.202226       41.346762       21.690668       13.459722       18.109593 
      70.394843       41.487964       54.726565       24.153063       25.530647       22.089810       76.948372       21.663085       24.482944       20.760529 
      18.582897       35.372546       20.081146       26.568423       17.649901       24.804787       42.291996       24.959830       12.209168       19.982718 
      19.000393       27.260667       23.241410       20.906346       24.777365       19.306769       78.365663       21.401826       25.748756       20.414032 
      12.340929       19.494397       12.892510       17.028977       11.751528       18.447861       40.654638       23.051459       10.310225       19.586582 
      89.904211       81.684608       96.933767       73.290408      100.226989       78.083658      337.808320      104.780661      119.740136      116.753152 
      36.970794       44.633203       38.424120       52.468085       37.708545       63.109100      187.254050       95.844632       44.090315       99.393190 
      13.323936       12.741816       16.448971       11.110079       20.759225       12.102207       71.760059       16.447971       25.033439       21.938195 
      22.836473       27.192338       25.037276       29.422674       25.064446       35.895628      118.935703       55.715909       31.840249       69.390437 
       3.000000        3.000000 
       0.750000        0.750000 
       2.000000        2.000000 
   58449.117318
   51462.812570
   60442.681093
   36618.132553
   41623.822843
   39387.436792
  173193.965824
   75855.998091
   41361.820840
   67101.148495
   1
   1
   1
   1
   1
   1
   1
   1
   1
   1
    2198.532635    2376.263070
    6106.711881    6412.233847
    2226.593104    2360.924615
    4515.466789    4777.717199
    4423.706323    4798.088479
    5748.026876    6310.690420
    6109.336283    6601.968763
    6425.976443    7047.050885
    4740.035887    5121.493993
    6238.554903    6686.802893
   37699.040896    40233.115527 
   32818.718895    35798.364532 
   39141.290607    41448.950851 
   23791.913545    25032.263192 
   26507.777998    28990.652460 
   25424.640448    27091.941941 
  111090.410478   119834.877287 
   48697.168620    52444.162168 
   26511.988282    28637.106171 
   42691.258362    46776.939631 
