  10   3
   20355.966023     16167.127237
   39988.592020     19773.197847
   23572.548971     31529.184022
   37304.369590     32079.249435
   24512.513179     38835.826089
   40867.253869     38565.884488
   27520.840478     46921.515986
   36067.877874     44894.490748
   19345.710923     51972.040940
   33635.749233     49663.479404
      75.455160       36.992250       54.503740       19.269930       20.093530       17.650830       56.770230       17.080500       18.831190       16.385700 
      25.793680       38.375560       24.997800       26.576220       18.289200       23.168780       38.161870       20.412130       12.482780       16.597520 
      66.812590       39.315400       51.186310       22.408500       24.202840       20.514430       70.558250       20.242000       22.999690       19.424020 
      17.329130       33.119610       18.761160       24.907980       16.361600       22.929530       40.161070       23.146280       11.420450       18.670240 
      17.485420       25.137020       21.182770       19.093040       23.480380       18.306310       73.409770       20.087670       23.889580       19.434310 
      11.607170       18.441950       12.168340       16.115400       11.117000       16.942850       37.166850       21.828940        9.556350       18.066350 
      82.372600       77.535140       90.449230       67.791970       95.057940       72.635600      312.258790       98.826690      110.006660      110.368410 
      35.143120       41.734510       36.299460       48.415280       35.711070       57.578140      173.373140       89.946000       41.226350       91.825380 
      12.196230       11.899530       15.345270       10.239040       18.935880       11.158610       67.875160       15.064250       23.622110       20.372560 
      21.717650       24.963930       22.806940       27.790220       23.083630       32.891690      109.098310       50.846560       30.247210       63.327840 
      80.770435       39.977246       57.534904       20.403708       21.202945       18.584546       60.149901       18.535056       20.015503       17.488573 
      27.560280       41.398571       27.083213       28.251721       19.537523       24.815208       41.228318       21.540288       13.473475       17.658754 
      72.939847       41.836939       55.349855       23.532310       26.278219       21.908907       76.478623       21.948149       24.278266       21.336308 
      18.217402       35.921642       20.392019       27.134282       17.659088       24.443109       42.833061       24.716726       12.285288       20.166702 
      19.066349       26.784232       22.954703       20.557255       25.756831       19.922743       79.432857       22.093310       25.492013       20.897028 
      12.462697       19.567451       13.275586       17.456170       11.802232       18.334158       39.596074       23.364500       10.034240       19.437164 
      86.946621       82.729429       96.699687       71.857688       99.868858       79.855269      338.701726      106.508251      120.500551      121.007794 
      37.173392       44.108322       38.303258       53.140228       37.870769       61.625497      184.562737       96.994245       44.081634       97.183659 
      12.943331       12.806185       16.479083       10.893514       20.594727       12.060098       74.444760       16.154037       25.259697       22.399961 
      23.685574       26.376384       24.827178       29.695894       24.896111       35.858336      118.020918       55.866042       32.761641       67.651709 
      88.630066       43.395937       62.497898       21.983972       22.899886       20.434861       64.175835       20.177004       21.465095       19.049105 
      29.503302       45.226489       28.780801       30.393643       21.369073       26.227199       44.311288       23.685147       14.329306       18.733332 
      78.806066       45.497911       58.132719       24.787889       27.976755       23.226804       83.196847       23.705936       26.664489       22.857270 
      19.747148       38.196413       21.532477       28.752510       18.690976       26.737182       46.361982       26.861779       13.212505       22.044125 
      20.918870       29.369879       24.119706       21.655447       27.236000       21.126455       85.649890       23.279965       27.711507       22.840113 
      13.263034       20.726348       14.326892       19.101526       12.739780       20.021284       43.441909       25.386210       10.830240       20.746935 
      93.719234       89.078112      104.383102       79.028435      109.815969       84.161926      371.230199      115.059758      131.738431      131.882136 
      40.175217       48.190364       41.468505       56.714751       40.889092       66.268426      197.271245      105.157960       46.907987      105.082890 
      13.617734       13.781979       17.840027       11.793084       22.338526       12.886661       80.580256       17.149374       27.399760       24.385448 
      25.113380       28.626028       27.155972       31.637905       27.162533       38.454501      128.615499       59.741134       34.799758       73.304974 
       3.000000        3.000000        3.000000 
       0.750000        0.750000        0.750000 
       2.000000        2.000000        2.000000 
   45918.863295
   45064.965583
   47116.535780
   39328.441227
   41946.856276
   33762.295908
   55040.011307
   54045.399319
   40303.548024
   54692.620236
   3
   3
   3
   3
   3
   3
   3
   3
   3
   3
    2198.532635    2347.005885    2565.765860
    6106.711881    6599.850256    6980.116604
    2226.593104    2361.230401    2586.155127
    4515.466789    4866.739433    5222.205835
    4423.706323    4732.489587    5130.173543
    5748.026876    6310.848299    6659.517520
    6109.336283    6434.725053    6832.528413
    6425.976443    6795.224464    7447.020193
    4740.035887    5129.891438    5457.822808
    6238.554903    6777.334002    7185.717659
   28766.736921    30547.549574    32523.440095 
   28376.761527    29921.864825    31831.304813 
   29774.238965    31330.691941    33128.140654 
   24301.334212    25930.718405    28424.829837 
   25853.461856    27941.811216    30098.439480 
   20762.874300    22477.409832    24284.307684 
   34166.355726    36665.722635    39247.944252 
   33859.209322    35691.411381    38540.177934 
   24717.891218    27049.860993    28839.343837 
   33686.431972    36739.358062    38959.450437 
