  10   3
   20355.966023     16167.127237
   39988.592020     19773.197847
   23572.548971     31529.184022
   37304.369590     32079.249435
   24512.513179     38835.826089
   40867.253869     38565.884488
   27520.840478     46921.515986
   36067.877874     44894.490748
   19345.710923     51972.040940
   33635.749233     49663.479404
      75.455160       36.992250       54.503740       19.269930       20.093530       17.650830       56.770230       17.080500       18.831190       16.385700 
      25.793680       38.375560       24.997800       26.576220       18.289200       23.168780       38.161870       20.412130       12.482780       16.597520 
      66.812590       39.315400       51.186310       22.408500       24.202840       20.514430       70.558250       20.242000       22.999690       19.424020 
      17.329130       33.119610       18.761160       24.907980       16.361600       22.929530       40.161070       23.146280       11.420450       18.670240 
      17.485420       25.137020       21.182770       19.093040       23.480380       18.306310       73.409770       20.087670       23.889580       19.434310 
      11.607170       18.441950       12.168340       16.115400       11.117000       16.942850       37.166850       21.828940        9.556350       18.066350 
      82.372600       77.535140       90.449230       67.791970       95.057940       72.635600      312.258790       98.826690      110.006660      110.368410 
      35.143120       41.734510       36.299460       48.415280       35.711070       57.578140      173.373140       89.946000       41.226350       91.825380 
      12.196230       11.899530       15.345270       10.239040       18.935880       11.158610       67.875160       15.064250       23.622110       20.372560 
      21.717650       24.963930       22.806940       27.790220       23.083630       32.891690      109.098310       50.846560       30.247210       63.327840 
      80.328646       39.816992       59.794763       20.922373       21.811264       18.697102       61.486212       18.084651       20.103087       17.645569 
      27.748417       41.008222       26.554755       28.064933       19.238936       24.409028       41.736452       21.933680       13.665381       17.770571 
      73.065247       41.652943       54.536688       24.510763       25.971316       21.686401       75.498749       21.648815       24.873666       20.679939 
      18.731109       35.027775       19.946851       26.308831       17.536802       25.076965       43.747585       25.307198       12.105740       20.408948 
      19.206694       27.510565       23.219010       20.859993       24.942216       19.414985       78.200437       21.323019       26.023544       21.156572 
      12.702673       20.259524       13.185123       16.980901       12.112346       17.840743       40.718554       23.066049       10.214842       19.593612 
      89.808055       83.901909       98.045784       71.511870      100.896111       77.215586      338.079439      104.763922      117.071634      119.450133 
      37.744078       44.044638       38.827860       53.028525       37.754100       63.149515      182.355559       98.176662       43.495076       96.433744 
      13.244897       12.639515       16.707621       10.908982       20.357010       12.005424       72.222199       16.017380       25.803697       22.334275 
      23.000746       26.304312       24.261477       30.460556       24.319461       35.090024      119.854817       54.791913       32.517943       68.540351 
      88.262348       43.472361       65.712651       22.574128       23.526005       19.701828       64.692344       19.388885       21.753906       18.895843 
      29.522717       43.072524       29.109659       29.847052       20.424936       26.801399       45.033704       23.979717       14.637372       19.070675 
      79.254398       43.969043       57.364467       25.978888       28.557787       22.803251       80.812255       22.778627       26.853038       22.530480 
      20.188348       37.960618       21.612112       27.688424       18.471390       26.717946       47.959860       27.652904       13.186305       21.620517 
      21.046033       29.076258       24.610401       21.974007       26.307693       20.626207       82.771298       22.951317       28.368697       22.509341 
      13.601594       21.390160       14.277471       17.862103       13.072828       18.970905       43.883385       24.544255       10.769415       21.504000 
      97.794222       91.469008      107.213769       77.761056      110.354025       83.953069      359.843039      115.119778      123.673371      125.476593 
      39.864828       48.233899       40.886565       55.822285       40.253969       67.254031      199.633340      105.005613       45.707661      103.273750 
      14.458672       13.837177       17.870480       11.519335       22.370004       13.028250       78.917856       16.985721       28.190304       24.504483 
      24.361859       27.648708       25.988812       33.399892       26.004055       37.332104      130.557511       58.402457       34.494008       73.879332 
       3.000000        3.000000        3.000000 
       0.750000        0.750000        0.750000 
       2.000000        2.000000        2.000000 
   47029.372992
   46351.752433
   48333.047898
   39136.078945
   41557.856843
   33732.182123
   56202.171041
   54476.159478
   39983.403965
   54384.514302
   2
   2
   2
   2
   2
   2
   2
   2
   2
   2
    1529.981840    1655.447636    1809.607315
    1153.366193    1267.110058    1377.424853
     643.642586     697.849443     737.973604
    2000.510570    2162.492279    2301.229159
    2784.169344    3002.900018    3241.376122
    2137.065519    2297.728602    2458.044383
     310.174103     331.701324     358.285413
    1345.544803    1463.655197    1574.422097
    2339.293587    2521.046284    2699.486076
    2878.318010    3080.670787    3234.760739
   28766.736921    31270.734472    34021.274592 
   28376.761527    30742.155621    33584.587719 
   29774.238965    32206.191048    34685.665782 
   24301.334212    25784.986047    28185.837630 
   25853.461856    27668.814060    29593.437771 
   20762.874300    22601.288794    24100.201151 
   34166.355726    37354.795061    40883.191294 
   33859.209322    36629.367383    38463.742251 
   24717.891218    26486.396872    28762.519840 
   33686.431972    36289.222126    38793.374506 
