  20   3
   12944.330389     19522.690462
   23487.769950     14749.226168
   31004.306839     21458.349354
   49728.492698     17946.318136
   18262.371247     34230.973732
   27200.416014     29683.344889
   32659.905655     31322.779442
   42235.109422     32882.346795
   19237.531679     39507.847120
   30240.587168     38106.082073
   35623.768986     38814.054724
   44607.978078     38388.838796
   21747.098038     44784.848319
   28875.463979     47422.816531
   32361.143193     45963.285683
   42755.672541     42966.140950
   12890.344693     52475.699722
   25061.003075     51526.124012
   31592.466525     49745.987221
   36010.099570     49567.603065
       5.705460        9.801600        5.028110        3.105340        5.765610        5.686550        2.481790        2.106570        2.385470        2.387700        2.395230        1.960420        2.928670        8.977840        2.116820        2.387880        2.221080        2.296100        2.145720        1.931400 
      21.242070       38.706030       18.462480       10.396320       21.816160       21.235420        8.125360        6.556210        7.616900        7.703460        7.724360        5.570820        9.837080       35.026640        5.002580        7.573220        6.988030        7.325980        6.503940        5.804640 
       5.763190        9.909430        9.328980        8.665890        6.206380        7.668480        6.870660        5.133030        3.305500        5.459250        6.386530        4.145890        4.137130       15.146830        3.880890        5.526760        3.062270        3.296260        3.502540        4.305820 
       3.820190        6.300870        9.807810       10.572880        4.417340        6.705600        8.417020        6.155510        3.140530        6.383920        7.783160        4.853200        3.916860       14.961050        4.480330        6.524150        2.917080        3.207170        3.689520        5.099640 
       6.729460       11.728550        6.264410        4.029870        7.678670        7.051290        3.131920        2.961690        4.736540        3.615740        3.060780        2.868090        6.021830       19.653960        2.814570        3.714970        4.359170        4.446220        3.671800        2.874920 
      17.206470       31.148110       17.379000       11.642120       18.144860       18.311490        9.089200        7.225690        7.553090        8.297470        8.524190        6.061370        9.722700       35.159760        5.438090        8.274370        6.920290        7.274010        6.571700        6.305600 
       4.166280        6.981930       11.095710       11.991460        4.816070        7.433210        9.437520        6.828900        3.351280        7.097620        8.735840        5.298110        4.190670       16.904280        4.792840        7.196720        3.069910        3.407420        3.920200        5.502570 
       2.438090        3.742830        4.926360        5.106080        2.845720        3.666160        3.973770        4.667790        2.357720        3.554980        3.956440        4.939140        2.910190       16.155930        4.471680        6.685040        2.178630        2.764490        4.126390        5.121080 
       3.113600        4.994030        4.066750        3.542140        6.167110        4.451030        2.778660        3.594590        8.804680        4.810720        2.826520        3.984530       11.403820       36.775960        3.718530        5.308650        8.071600        8.124130        6.068910        4.093370 
       3.552860        5.824930        8.508210        9.019920        4.538650        6.025980        7.025170        5.694620        4.014840        5.850140        6.605760        4.889500        5.065720       20.164270        4.429220        6.631270        3.684520        4.009330        4.229510        5.042520 
       2.219170        3.340190        5.355550        5.780490        2.413170        3.631730        4.431110        3.401720        1.813650        3.423200        4.200780        2.827150        2.208650        8.568970        2.760480        3.685130        1.675490        1.844140        2.161970        2.772730 
       2.425860        3.621950        3.729330        3.576580        2.950220        3.173220        2.751170        5.531400        2.722220        3.157930        3.072580        6.842340        3.371160       23.018070        6.021590        9.361740        2.521390        3.515330        5.963750        7.167900 
       4.483780        7.501330        5.991180        5.154700        9.329840        6.562980        3.955270        5.258040       13.495360        7.166450        4.031370        5.819530       17.568600       57.492690        5.198230        7.921890       12.349090       12.426760        9.148950        6.022430 
      24.918840       45.468650       35.764150       30.625110       39.706520       34.849890       24.203300       34.375360       42.677130       31.719000       24.448740       38.335960       56.185170      181.012330       31.579150       54.127420       38.981630       46.249180       53.659560       41.537470 
      10.034720       17.481460       16.783080       15.711780       14.138160       14.442260       12.332870       25.425830       13.530940       14.758890       13.504180       31.278180       17.555860      120.888210       25.937430       43.972100       12.388940       21.212760       40.869290       33.741530 
       2.970600        4.656340        4.730490        4.509160        3.731800        3.987240        3.456050        7.200530        3.406060        4.015180        3.866240        8.929540        4.265110       30.663960        7.680070       12.356400        3.136140        4.488510        7.773920        9.440640 
       2.471920        3.806750        3.171130        2.800240        4.686520        3.443120        2.190080        2.786330        6.637770        3.669350        2.243270        3.087990        8.535090       27.288440        2.989840        4.031970        6.095400        6.122800        4.610740        3.119040 
       2.349990        3.567570        3.120160        2.808000        4.024980        3.190650        2.174050        3.088580        5.329060        3.299700        2.276530        3.550820        6.806760       25.244870        3.344880        4.697560        4.897620        6.506290        9.043780        3.599000 
       4.169570        6.900030        6.316250        5.787810        6.278640        5.763150        4.464750        8.188770        6.903630        5.812240        4.817440        9.870880        8.858580       49.549760        8.447080       13.694100        6.326660       13.249160       27.970550       10.473270 
       4.016100        6.631950        6.606940        6.252930        5.230070        5.535080        4.814200       10.322500        4.717650        5.650110        5.379490       12.823880        5.966610       44.723360       10.789840       17.915540        4.326590        6.344800       11.171720       13.712300 
       6.073990       10.710806        5.401869        3.330386        6.060946        6.057693        2.699741        2.221005        2.606690        2.548883        2.603182        2.121315        3.103115        9.820415        2.320346        2.584816        2.427310        2.483568        2.352702        2.048129 
      22.437297       41.002085       19.678540       11.189885       23.953501       22.699677        8.842959        7.134698        8.185117        8.102128        8.131700        5.871097       10.414840       37.905779        5.422991        8.167646        7.478495        7.838913        6.962860        6.207999 
       6.274731       10.591526        9.940245        9.491446        6.702813        8.273238        7.375428        5.594277        3.614109        5.950244        6.760908        4.408508        4.483919       16.548445        4.108565        5.805055        3.305503        3.565286        3.769888        4.541932 
       4.096086        6.791160       10.688154       11.432404        4.677572        7.318092        8.899868        6.567283        3.447955        6.728453        8.406772        5.186808        4.213980       16.277921        4.788280        7.155280        3.098041        3.412386        3.882345        5.441489 
       7.226453       12.562849        6.867881        4.265055        8.202072        7.755042        3.290442        3.255907        5.018952        3.813096        3.310844        3.071991        6.597209       20.728939        3.021276        3.984157        4.590911        4.767179        3.941663        3.145452 
      18.256833       33.376540       18.928880       12.311505       19.196882       19.371357        9.781632        7.775826        8.007170        9.014303        9.023904        6.404589       10.597630       37.565532        5.931148        9.075860        7.596817        7.978501        7.153651        6.864160 
       4.578235        7.462112       11.828392       12.820088        5.072652        7.893251        9.945067        7.487729        3.598001        7.598105        9.502835        5.606462        4.470314       18.551373        5.104016        7.723269        3.293227        3.601142        4.170227        5.870497 
       2.624505        4.051839        5.189404        5.442680        2.990507        3.888007        4.239135        5.047864        2.582469        3.841455        4.223630        5.347489        3.119015       17.586553        4.911451        7.197073        2.351773        2.906562        4.492271        5.421371 
       3.338090        5.328167        4.450291        3.853946        6.598141        4.842117        2.946527        3.906877        9.505747        5.275290        2.968937        4.300683       12.351725       40.055235        4.000793        5.600814        8.577482        8.859373        6.507979        4.311006 
       3.760689        6.347186        9.140529        9.659864        4.988540        6.482172        7.669489        6.231036        4.403937        6.424576        7.076854        5.282255        5.396939       21.317929        4.721018        7.207547        3.903048        4.334315        4.600662        5.346707 
       2.389880        3.633643        5.738915        6.339425        2.630165        3.948629        4.834849        3.694817        1.947005        3.737548        4.524034        3.061341        2.346594        9.114524        2.951204        3.916689        1.784394        2.015587        2.327923        3.005832 
       2.559794        3.846643        4.024984        3.793923        3.105312        3.444852        2.983425        6.082194        2.935207        3.372601        3.232970        7.337040        3.605337       24.245333        6.367932        9.897268        2.666608        3.776016        6.548213        7.531151 
       4.884347        8.157900        6.311994        5.581351        9.899605        6.955463        4.323680        5.721623       14.736413        7.646517        4.429137        6.170856       19.307230       60.673413        5.536685        8.621121       13.199435       13.410051        9.702558        6.623432 
      27.009986       49.756790       38.259520       33.685051       43.104301       37.927533       25.705564       37.350407       45.913634       34.728128       26.327518       41.761826       60.369865      195.864213       33.246291       58.923595       41.976900       49.979870       57.523500       45.250007 
      10.878899       18.451564       17.700395       16.943064       15.348557       15.566607       13.404934       27.820671       14.455315       16.013803       14.343107       34.112756       18.895494      130.441172       28.444021       47.328886       13.442985       22.355874       43.800686       36.857887 
       3.153834        5.046460        5.124750        4.790324        4.072994        4.319390        3.674259        7.589388        3.661611        4.223451        4.114725        9.690923        4.528479       33.631908        8.252495       13.452136        3.422137        4.769283        8.516389       10.188844 
       2.650036        4.081705        3.393749        2.975316        4.952197        3.774434        2.365800        3.034865        7.287336        3.979930        2.361643        3.358626        9.100211       28.736809        3.238940        4.311730        6.448582        6.708154        4.918486        3.410988 
       2.490375        3.874287        3.341053        3.000632        4.285909        3.486871        2.341186        3.370013        5.662535        3.599580        2.497958        3.803957        7.443075       27.711382        3.635483        5.149152        5.221458        6.855065        9.511329        3.930359 
       4.524805        7.395943        6.832352        6.156934        6.870864        6.125987        4.820682        8.810769        7.449671        6.247382        5.081394       10.758557        9.344698       53.943942        8.929873       15.057492        6.841547       14.259496       30.578699       11.463543 
       4.263124        7.025117        6.976454        6.723498        5.632568        5.841573        5.087850       10.894936        5.123762        6.120352        5.887395       13.707388        6.555141       48.878427       11.388604       19.150415        4.706842        6.913493       12.002260       14.781660 
       6.393288       11.610897        5.808728        3.576143        6.656710        6.538369        2.846914        2.338739        2.798582        2.738351        2.803960        2.229997        3.303074       10.746502        2.536437        2.755026        2.577165        2.711930        2.570557        2.165090 
      24.208308       44.477509       21.055744       12.201780       25.702003       23.876989        9.600954        7.828734        8.797395        8.717768        8.822747        6.187237       11.292522       41.058656        5.895846        8.854980        7.909421        8.583833        7.532498        6.717994 
       6.797533       11.153264       10.713847       10.041462        7.105959        8.957970        7.976951        6.139270        3.800461        6.507089        7.100594        4.712255        4.760280       17.681008        4.415118        6.132901        3.617159        3.750814        4.056988        4.786799 
       4.328661        7.279528       11.521593       12.158169        5.129555        7.690875        9.643714        6.918566        3.625799        7.232569        8.858989        5.655144        4.538713       17.191818        5.224701        7.678884        3.344753        3.708058        4.112505        5.805390 
       7.946198       13.291500        7.486770        4.579966        8.623840        8.147717        3.544970        3.543276        5.344922        4.132950        3.553941        3.258662        7.064633       22.370989        3.318553        4.193895        5.030387        5.007560        4.159106        3.451847 
      19.528465       36.262749       20.615767       13.204387       20.565920       20.995312       10.533024        8.239712        8.732414        9.826009        9.911299        6.905540       11.389081       39.476712        6.398678        9.897153        8.346054        8.623548        7.735088        7.295099 
       4.973506        8.076182       12.687211       13.891820        5.480390        8.675398       10.898251        8.099908        3.835378        7.985616       10.141762        6.035574        4.844780       19.557015        5.608794        8.299326        3.490281        3.843865        4.499485        6.422172 
       2.864180        4.299411        5.544864        5.758848        3.268644        4.218702        4.535345        5.317881        2.712853        4.051553        4.499280        5.682844        3.311628       18.972782        5.377880        7.842529        2.505869        3.094756        4.904180        5.949561 
       3.505336        5.624910        4.728388        4.127881        7.154595        5.203535        3.232556        4.196063       10.100570        5.577798        3.149581        4.535372       13.373880       43.219057        4.386282        5.913485        9.250027        9.528321        6.905822        4.673587 
       4.103463        6.822630        9.983643       10.398498        5.307420        6.869318        8.336903        6.656732        4.791356        6.772029        7.490511        5.696935        5.774800       22.640549        5.177120        7.603746        4.241210        4.627103        4.985120        5.746507 
       2.519471        3.879959        6.182692        6.971268        2.892809        4.194962        5.155635        3.925068        2.099544        3.965209        4.835720        3.245001        2.511447        9.823252        3.242114        4.138342        1.953461        2.212757        2.557110        3.169874 
       2.783029        4.088105        4.279679        4.063488        3.329451        3.663584        3.211122        6.628991        3.172540        3.623171        3.510540        7.910578        3.920478       26.055242        6.829722       10.508360        2.895350        4.126831        7.175036        7.937898 
       5.237872        8.777466        6.847378        5.982182       10.671449        7.366822        4.706671        6.241313       15.606579        8.139852        4.817198        6.572742       20.683136       65.199801        5.874577        9.072383       14.280039       14.645673       10.304456        7.176399 
      28.654515       54.254900       41.320095       36.557280       47.280224       40.051704       28.096235       40.154908       48.944184       36.727695       28.626064       44.579892       66.154443      215.142495       35.576636       62.726825       45.505229       54.890609       61.464405       47.561601 
      11.725353       19.492397       19.352484       18.233275       16.676912       16.889320       14.175349       30.374344       15.798411       17.193787       15.273415       36.095319       19.863076      138.097977       30.859293       50.089293       14.284141       23.685103       46.676865       38.854942 
       3.351070        5.329146        5.508329        5.103441        4.453339        4.595082        3.874158        8.012181        3.922786        4.540013        4.363496       10.624318        4.945387       36.272978        8.846757       14.608132        3.685802        5.160751        9.161830       10.815249 
       2.810056        4.374961        3.709235        3.222629        5.284714        4.082060        2.541530        3.210902        7.920238        4.324923        2.535845        3.663390        9.703248       30.230830        3.426419        4.639791        6.858883        7.045056        5.365033        3.748516 
       2.647229        4.086050        3.558970        3.230585        4.664979        3.709309        2.537175        3.626732        6.210513        3.786881        2.690479        4.102868        7.978312       30.211681        3.961725        5.430606        5.555776        7.300664       10.228474        4.235203 
       4.926150        7.794439        7.185532        6.619488        7.478038        6.558061        5.137792        9.318557        7.940253        6.654271        5.562527       11.310259       10.171395       56.788894        9.529677       16.155567        7.328600       15.211514       32.810206       12.133402 
       4.606177        7.488963        7.560278        7.271009        6.138970        6.266253        5.518323       11.855870        5.502474        6.481583        6.221814       14.934933        7.091053       51.450336       12.141947       20.425784        4.984129        7.436610       13.145620       16.245684 
       3.000000        3.000000        3.000000 
       0.750000        0.750000        0.750000 
       2.000000        2.000000        2.000000 
   41715.353321
   98638.197532
   62506.463799
   58560.023056
   56014.163796
   75606.847309
   48480.064959
   42267.561269
   57956.700428
   45417.963905
   37271.550949
   56206.516934
   79926.787505
  343047.756562
  130877.864857
   70328.745891
   48504.563336
   48275.130598
   76831.629663
   73872.439300
   1
   1
   1
   1
   1
   1
   1
   1
   1
   1
   1
   1
   1
   1
   1
   1
   1
   1
   1
   1
    1160.771875    1270.231668    1376.133411
     875.039823     929.597957     979.872336
     488.320967     530.370787     562.914612
    1517.754228    1612.440749    1735.687873
    2112.303157    2224.467894    2411.239833
    1621.356205    1703.042534    1868.346859
     235.323954     248.869786     264.363102
    1020.842551    1084.052106    1144.216386
    1774.783290    1942.688179    2136.073608
    2183.732190    2323.308580    2457.841670
      21.256376      22.662980      24.662513
    1848.151730    1996.116111    2143.417018
    1319.831778    1441.094621    1517.283479
    1953.097866    2122.333169    2308.091568
      96.781912     104.532263     111.104011
    1097.853320    1168.979085    1274.838995
     638.436502     675.264432     717.963310
      66.228870      70.855411      76.192002
    1576.368001    1705.676170    1870.837908
    1086.464367    1145.373237    1221.765826
   26097.797831    27719.959929    29612.948882 
   60815.372091    66534.062419    69926.960555 
   39234.510496    41468.280509    44310.136593 
   36324.522969    38974.560294    41820.962848 
   34321.568488    37226.651988    40480.107117 
   47241.500005    50165.277009    53806.917604 
   30455.547229    32164.587978    34339.994711 
   26590.761368    28070.347730    29874.013439 
   35619.949621    38811.961094    41481.490141 
   28436.869571    30263.218363    32135.839876 
   23067.471321    24814.092931    26661.537647 
   34993.610139    37114.991652    40304.432077 
   49198.838416    53954.385832    56700.350761 
  212142.351474   230904.133923   243049.027726 
   79500.109808    86828.643352    95426.976555 
   42939.112152    46549.237007    51169.142624 
   29835.147680    32497.019783    34676.959208 
   29530.686951    32281.699330    34737.874915 
   47326.143271    51466.946140    54870.169916 
   45665.662282    49587.596686    52491.619632 
