  20   3
   12944.330389     19522.690462
   23487.769950     14749.226168
   31004.306839     21458.349354
   49728.492698     17946.318136
   18262.371247     34230.973732
   27200.416014     29683.344889
   32659.905655     31322.779442
   42235.109422     32882.346795
   19237.531679     39507.847120
   30240.587168     38106.082073
   35623.768986     38814.054724
   44607.978078     38388.838796
   21747.098038     44784.848319
   28875.463979     47422.816531
   32361.143193     45963.285683
   42755.672541     42966.140950
   12890.344693     52475.699722
   25061.003075     51526.124012
   31592.466525     49745.987221
   36010.099570     49567.603065
       5.705460        9.801600        5.028110        3.105340        5.765610        5.686550        2.481790        2.106570        2.385470        2.387700        2.395230        1.960420        2.928670        8.977840        2.116820        2.387880        2.221080        2.296100        2.145720        1.931400 
      21.242070       38.706030       18.462480       10.396320       21.816160       21.235420        8.125360        6.556210        7.616900        7.703460        7.724360        5.570820        9.837080       35.026640        5.002580        7.573220        6.988030        7.325980        6.503940        5.804640 
       5.763190        9.909430        9.328980        8.665890        6.206380        7.668480        6.870660        5.133030        3.305500        5.459250        6.386530        4.145890        4.137130       15.146830        3.880890        5.526760        3.062270        3.296260        3.502540        4.305820 
       3.820190        6.300870        9.807810       10.572880        4.417340        6.705600        8.417020        6.155510        3.140530        6.383920        7.783160        4.853200        3.916860       14.961050        4.480330        6.524150        2.917080        3.207170        3.689520        5.099640 
       6.729460       11.728550        6.264410        4.029870        7.678670        7.051290        3.131920        2.961690        4.736540        3.615740        3.060780        2.868090        6.021830       19.653960        2.814570        3.714970        4.359170        4.446220        3.671800        2.874920 
      17.206470       31.148110       17.379000       11.642120       18.144860       18.311490        9.089200        7.225690        7.553090        8.297470        8.524190        6.061370        9.722700       35.159760        5.438090        8.274370        6.920290        7.274010        6.571700        6.305600 
       4.166280        6.981930       11.095710       11.991460        4.816070        7.433210        9.437520        6.828900        3.351280        7.097620        8.735840        5.298110        4.190670       16.904280        4.792840        7.196720        3.069910        3.407420        3.920200        5.502570 
       2.438090        3.742830        4.926360        5.106080        2.845720        3.666160        3.973770        4.667790        2.357720        3.554980        3.956440        4.939140        2.910190       16.155930        4.471680        6.685040        2.178630        2.764490        4.126390        5.121080 
       3.113600        4.994030        4.066750        3.542140        6.167110        4.451030        2.778660        3.594590        8.804680        4.810720        2.826520        3.984530       11.403820       36.775960        3.718530        5.308650        8.071600        8.124130        6.068910        4.093370 
       3.552860        5.824930        8.508210        9.019920        4.538650        6.025980        7.025170        5.694620        4.014840        5.850140        6.605760        4.889500        5.065720       20.164270        4.429220        6.631270        3.684520        4.009330        4.229510        5.042520 
       2.219170        3.340190        5.355550        5.780490        2.413170        3.631730        4.431110        3.401720        1.813650        3.423200        4.200780        2.827150        2.208650        8.568970        2.760480        3.685130        1.675490        1.844140        2.161970        2.772730 
       2.425860        3.621950        3.729330        3.576580        2.950220        3.173220        2.751170        5.531400        2.722220        3.157930        3.072580        6.842340        3.371160       23.018070        6.021590        9.361740        2.521390        3.515330        5.963750        7.167900 
       4.483780        7.501330        5.991180        5.154700        9.329840        6.562980        3.955270        5.258040       13.495360        7.166450        4.031370        5.819530       17.568600       57.492690        5.198230        7.921890       12.349090       12.426760        9.148950        6.022430 
      24.918840       45.468650       35.764150       30.625110       39.706520       34.849890       24.203300       34.375360       42.677130       31.719000       24.448740       38.335960       56.185170      181.012330       31.579150       54.127420       38.981630       46.249180       53.659560       41.537470 
      10.034720       17.481460       16.783080       15.711780       14.138160       14.442260       12.332870       25.425830       13.530940       14.758890       13.504180       31.278180       17.555860      120.888210       25.937430       43.972100       12.388940       21.212760       40.869290       33.741530 
       2.970600        4.656340        4.730490        4.509160        3.731800        3.987240        3.456050        7.200530        3.406060        4.015180        3.866240        8.929540        4.265110       30.663960        7.680070       12.356400        3.136140        4.488510        7.773920        9.440640 
       2.471920        3.806750        3.171130        2.800240        4.686520        3.443120        2.190080        2.786330        6.637770        3.669350        2.243270        3.087990        8.535090       27.288440        2.989840        4.031970        6.095400        6.122800        4.610740        3.119040 
       2.349990        3.567570        3.120160        2.808000        4.024980        3.190650        2.174050        3.088580        5.329060        3.299700        2.276530        3.550820        6.806760       25.244870        3.344880        4.697560        4.897620        6.506290        9.043780        3.599000 
       4.169570        6.900030        6.316250        5.787810        6.278640        5.763150        4.464750        8.188770        6.903630        5.812240        4.817440        9.870880        8.858580       49.549760        8.447080       13.694100        6.326660       13.249160       27.970550       10.473270 
       4.016100        6.631950        6.606940        6.252930        5.230070        5.535080        4.814200       10.322500        4.717650        5.650110        5.379490       12.823880        5.966610       44.723360       10.789840       17.915540        4.326590        6.344800       11.171720       13.712300 
       6.073963       10.550054        5.516220        3.371630        6.258494        6.023627        2.687956        2.230414        2.546590        2.571286        2.603723        2.121184        3.150615        9.593743        2.248663        2.521641        2.336418        2.419013        2.346707        2.075369 
      23.012740       42.523181       20.190291       11.014445       23.244127       23.227630        8.719071        6.930761        8.150236        8.238849        8.353728        5.931018       10.640570       37.976544        5.407304        8.009546        7.429668        7.738001        6.971097        6.348266 
       6.109013       10.832268        9.898535        9.367569        6.817339        8.392571        7.531117        5.608063        3.511293        5.789876        6.803310        4.400853        4.506684       16.489137        4.153394        5.960955        3.351292        3.621128        3.795211        4.537070 
       4.185251        6.657958       10.483629       11.466672        4.808466        7.209722        9.176792        6.660967        3.404294        6.734220        8.261178        5.159215        4.240745       15.859868        4.768071        7.060993        3.189305        3.429759        3.962583        5.381920 
       7.114452       12.863428        6.588968        4.398630        8.101235        7.405167        3.388155        3.221664        5.143801        3.840589        3.332516        3.055750        6.473766       21.145476        2.994828        3.950020        4.761755        4.874355        3.934508        3.098288 
      18.303831       34.141102       18.309421       12.420227       19.933846       19.732339        9.771549        7.820436        8.136681        8.880802        9.366086        6.617830       10.684956       37.935511        5.865617        8.719010        7.281141        7.798599        7.111353        6.752382 
       4.432682        7.333392       12.163258       12.752916        5.112961        8.161752       10.183101        7.465919        3.589650        7.616885        9.543559        5.759364        4.545650       17.844238        5.041353        7.627783        3.375641        3.582902        4.196099        5.789739 
       2.625792        3.958031        5.309620        5.533607        3.083295        3.858408        4.185544        4.973240        2.584735        3.884489        4.309594        5.232350        3.181159       17.192430        4.899913        7.065502        2.309184        2.912126        4.352292        5.440563 
       3.394187        5.313353        4.349630        3.823440        6.603534        4.699432        3.008864        3.781126        9.502871        5.115466        3.046210        4.239882       12.022944       40.361636        3.965142        5.679042        8.789366        8.856844        6.636397        4.451076 
       3.781573        6.400721        8.987993        9.474990        4.967354        6.508930        7.419898        6.236258        4.227712        6.158349        7.043157        5.207302        5.545686       21.566852        4.654533        7.101623        3.869038        4.312749        4.617106        5.520326 
       2.438612        3.624764        5.852058        6.129953        2.636366        3.984623        4.811900        3.642494        1.920976        3.598158        4.499861        3.099960        2.361642        9.116485        3.006983        3.927964        1.777307        1.987790        2.311158        2.911417 
       2.661194        3.926368        4.069576        3.774625        3.124445        3.411592        2.955805        5.934518        2.987904        3.349428        3.353484        7.319813        3.560830       24.310347        6.512559       10.262844        2.663707        3.714822        6.300331        7.532354 
       4.816509        8.178858        6.456759        5.532882       10.196268        6.891790        4.156196        5.771624       14.663761        7.718002        4.323637        6.383563       19.013598       60.393731        5.709264        8.691123       13.576085       13.603599        9.910697        6.480274 
      26.218624       49.278889       38.899175       32.313477       42.266353       37.620003       26.513424       36.753793       46.693276       34.030866       26.284242       41.426517       60.091486      196.503090       33.660799       58.669369       42.660122       49.499410       58.706264       44.580048 
      10.570281       18.885600       17.755507       17.028847       14.880039       15.381357       13.254118       27.212552       14.681464       16.021168       14.545976       33.333260       18.548283      132.892730       28.427635       48.083405       13.320426       22.733330       44.563454       36.644268 
       3.122489        4.916448        5.120434        4.889371        4.094610        4.337144        3.796914        7.798238        3.612443        4.278255        4.148937        9.393022        4.604684       32.896448        8.322810       13.548240        3.439039        4.856014        8.482154       10.164455 
       2.713869        4.043064        3.372883        3.006329        5.078832        3.638252        2.371057        3.011812        6.972221        4.019628        2.435020        3.266671        9.251757       29.720640        3.164602        4.295493        6.504212        6.541962        5.064068        3.340120 
       2.482898        3.913134        3.298107        2.974837        4.226806        3.412843        2.293909        3.350101        5.644263        3.490832        2.471157        3.851172        7.190909       26.883625        3.673116        4.957469        5.337639        6.916530        9.522051        3.817991 
       4.382852        7.375832        6.813394        6.156183        6.782175        6.337363        4.730479        8.793850        7.441244        6.173086        5.219947       10.701381        9.306713       53.619881        8.980762       14.552327        6.657377       14.528506       29.857433       11.409174 
       4.378097        7.181701        7.166000        6.763324        5.662009        5.995647        5.090597       11.063633        5.175327        5.950462        5.668264       13.814348        6.325787       48.680928       11.684290       18.889749        4.643099        6.662998       12.235619       14.790553 
       6.417210       11.084736        6.012945        3.575279        6.864012        6.518567        2.842361        2.380479        2.712133        2.731640        2.752054        2.255429        3.460667       10.383799        2.435295        2.742280        2.542394        2.584147        2.541290        2.273171 
      24.317359       46.395845       21.888662       11.767258       25.446811       25.447536        9.380938        7.574035        8.758799        8.959280        9.030488        6.280305       11.296728       41.112127        5.903940        8.763569        8.051203        8.438487        7.492531        6.912920 
       6.621000       11.775872       10.539598        9.998358        7.385652        9.215167        8.201361        5.983120        3.823207        6.119462        7.303525        4.699620        4.762971       17.890892        4.387765        6.416217        3.631938        3.894997        4.122270        4.928683 
       4.543170        7.118816       11.321308       12.245774        5.059507        7.593598        9.788433        7.113150        3.716962        7.110668        8.873928        5.460081        4.466125       16.802883        5.222629        7.531432        3.383883        3.749001        4.185062        5.916129 
       7.742110       13.579284        7.029194        4.746539        8.681452        8.004302        3.701611        3.428082        5.560045        4.066550        3.651280        3.302419        7.071523       22.664838        3.206811        4.324902        5.164914        5.261253        4.238233        3.380829 
      19.675990       37.415489       19.965299       13.506841       21.354924       21.102378       10.535556        8.304419        8.928870        9.385065       10.108953        7.209207       11.338128       40.233673        6.343681        9.549733        7.982201        8.386796        7.744738        7.274673 
       4.874225        7.751033       13.362805       13.394220        5.557838        8.662947       11.000791        8.100820        3.943460        8.102777       10.102798        6.070578        4.996185       19.303956        5.387803        8.098901        3.611782        3.806135        4.501749        6.301631 
       2.760131        4.345898        5.810863        6.021587        3.242527        4.129940        4.525700        5.416350        2.827065        4.161454        4.573612        5.531318        3.488207       18.902727        5.369874        7.488037        2.485182        3.129844        4.764130        5.913630 
       3.617693        5.730944        4.692197        4.038410        7.168251        4.938233        3.176235        4.096442       10.125951        5.480872        3.275431        4.616421       12.989619       42.859556        4.220183        6.214311        9.528161        9.538900        7.184734        4.774512 
       4.072193        6.835227        9.865808       10.215781        5.298039        6.951467        7.937243        6.575144        4.577140        6.597611        7.741895        5.544123        5.841892       22.845119        4.971041        7.531531        4.096768        4.592110        5.001762        5.945634 
       2.679172        3.811290        6.388132        6.667519        2.868403        4.310615        5.098614        3.982927        2.076867        3.786839        4.740785        3.336229        2.580379        9.827452        3.246192        4.291936        1.870682        2.171543        2.513722        3.091236 
       2.850841        4.309868        4.474881        3.991286        3.428307        3.585368        3.121204        6.291935        3.172456        3.590891        3.679913        7.867207        3.889647       26.416868        7.149455       10.797096        2.907406        4.070013        6.639065        8.130515 
       5.275023        8.820621        6.908094        6.069766       10.816221        7.308984        4.503683        6.270466       15.694950        8.421413        4.701736        6.820907       19.993727       65.837959        6.206409        9.174020       14.322195       14.544147       10.740208        6.876018 
      28.236091       52.845732       42.093248       35.354348       45.299180       39.928443       28.091428       39.885049       49.472472       36.484127       28.488767       43.774593       64.233905      216.089231       35.388114       61.645541       45.080072       54.411963       64.313252       48.780643 
      11.460127       20.591569       19.462972       18.521359       15.859432       16.300427       14.031843       29.837637       15.770936       16.954778       15.380860       35.715377       19.916040      142.477740       30.428120       52.567589       14.029762       24.273504       47.882559       39.488736 
       3.386419        5.356276        5.478561        5.319330        4.482628        4.768430        4.032954        8.282132        3.858783        4.694931        4.550858       10.072351        5.037138       34.590464        9.056197       14.846770        3.638033        5.231452        9.280370       10.858397 
       2.902540        4.277989        3.655806        3.199226        5.479456        3.848716        2.506532        3.189725        7.346972        4.396019        2.559468        3.513578        9.729154       32.094881        3.440031        4.645824        7.149225        7.003225        5.448134        3.511015 
       2.610237        4.291682        3.580042        3.269375        4.560596        3.661861        2.472605        3.556734        5.991580        3.813873        2.669720        4.166358        7.804957       28.691770        3.927931        5.299932        5.760544        7.357195       10.114524        4.182866 
       4.690904        7.870849        7.320464        6.682259        7.456636        6.675139        5.052187        9.487063        7.852287        6.501861        5.693935       11.432290       10.103551       58.909868        9.845414       15.615783        7.117463       15.551913       31.857527       12.484441 
       4.704594        7.655908        7.859397        7.425064        6.024734        6.500090        5.402827       11.745272        5.474511        6.397805        6.172971       14.822420        6.954388       53.368957       12.502087       19.870930        5.026810        7.189590       13.397830       16.195716 
       3.000000        3.000000        3.000000 
       0.750000        0.750000        0.750000 
       2.000000        2.000000        2.000000 
   35590.679989
   52508.616282
   49639.710007
   45844.080639
   47666.890613
   50587.643688
   40822.657840
   38023.713612
   47727.061703
   41228.279922
   34620.058485
   44579.724454
   49276.707689
   55789.461992
   54498.811446
   50209.718111
   38262.349793
   41018.066331
   50640.963613
   49418.905970
   1
   1
   1
   1
   1
   1
   1
   1
   1
   1
   1
   1
   1
   1
   1
   1
   1
   1
   1
   1
    1160.771875    1242.810926    1305.207492
     875.039823     956.732817    1016.207805
     488.320967     514.199728     544.253429
    1517.754228    1662.373274    1763.365230
    2112.303157    2225.718502    2428.700608
    1621.356205    1772.341199    1945.597059
     235.323954     256.381882     269.982242
    1020.842551    1098.797575    1160.896891
    1774.783290    1929.642842    2101.624684
    2183.732190    2305.911098    2423.068020
      21.256376      23.164014      25.126313
    1848.151730    1998.456829    2179.328548
    1319.831778    1395.099690    1510.266625
    1953.097866    2055.682147    2239.013462
      96.781912     105.830240     116.149714
    1097.853320    1174.091925    1239.584806
     638.436502     673.531318     729.637688
      66.228870      71.894008      78.188437
    1576.368001    1680.036797    1816.026105
    1086.464367    1149.561001    1214.434524
   21938.792235    24017.242910    25225.324832 
   32202.815636    35078.632156    37735.784773 
   30250.707057    32959.164120    36069.548837 
   28548.971654    30537.519466    32601.670158 
   29647.993415    31399.620087    34286.167723 
   31292.380591    34044.824681    35838.082104 
   25028.562814    27020.261113    29596.491754 
   23721.798292    25108.351066    27217.277865 
   29186.541657    31922.462637    34345.119112 
   25415.539812    27184.474433    29856.545599 
   21475.782819    23054.466208    24709.867943 
   27418.701689    29511.650611    32229.096607 
   31102.999507    32683.446144    34766.969727 
   34024.193109    37220.236873    40334.494001 
   33689.160253    36714.573742    38593.888897 
   30765.773415    33212.284791    36441.378016 
   23302.722621    25611.411062    27610.565904 
   25566.097980    27153.182563    29316.852119 
   31647.594346    33458.780969    36175.551911 
   30835.013991    32591.086270    35411.711679 
