  25   2
   12636.458666     19644.937323
   22994.534778     18316.494403
   25109.378582     13461.033597
   35977.228047     21761.232473
   54465.361743     14583.894817
   16506.581868     34491.875431
   25889.015264     30419.914066
   30357.653722     31045.622535
   36139.999010     31567.076132
   44386.053399     32801.278396
   16426.282935     39421.335995
   25369.507032     39226.369325
   32669.659200     38251.496820
   37849.577610     38326.663893
   45698.532454     38341.097688
   20768.868324     45081.383853
   25455.421410     46525.809402
   30305.016305     47419.112486
   33111.914338     45662.965076
   43694.252316     42765.665419
    7921.644053     53604.716499
   20487.772224     51738.538989
   30630.362612     49230.520041
   32246.728387     50584.339668
   36425.403965     49852.413015
       5.345460        5.717770        6.757430        3.047790        1.972060        3.426410        6.668170        2.156860        1.768670        1.200410        1.526760        1.859880        1.949350        1.493080        1.479750        2.122810        3.461100        6.487050        1.454950        1.925300        1.240650        2.294200        1.556390        1.162510        1.500550 
      17.430350       18.712610       22.325740        9.436600        5.680220       10.867830       22.050050        6.650960        5.243720        3.226450        4.243930        5.575860        5.879510        4.306530        3.968040        6.370390       11.137180       21.145960        3.515760        5.724410        3.310340        7.075640        4.422560        3.177480        4.432860 
       7.004810        7.503180        8.882260        3.929290        2.477290        4.455500        8.776240        2.776380        2.250370        1.474280        1.898220        2.377930        2.481960        1.867980        1.810680        2.688510        4.515400        8.466130        1.711020        2.437890        1.525200        2.961650        1.934660        1.415490        1.885750 
       3.554450        3.788910        4.445980       11.721730        6.970010        2.941830        4.561440        8.287480        6.511440        3.261900        2.068590        3.579460        7.176080        5.074940        4.030820        2.962840        5.167660       12.179420        3.572650        5.829340        1.665860        3.250010        2.916610        2.144450        4.511270 
       2.395840        2.544000        2.950550        7.490880        4.531440        2.018470        3.029260        5.309870        4.222590        2.211110        1.479350        2.403310        4.636970        3.320120        2.713240        2.041350        3.394700        7.804820        2.496960        3.811130        1.222190        2.198930        2.009830        1.501320        2.980790 
       4.501310        4.812750        5.667270        3.142650        2.027140        3.794980        5.831320        2.221430        1.820170        1.591140        2.693830        3.134650        2.010330        1.659380        1.960060        3.934330        6.701540       11.510830        1.836140        2.665730        2.131310        4.358060        2.437410        1.769720        2.067650 
      16.973660       18.238890       21.710660        9.400310        5.628140       10.906410       21.501890        6.537360        5.161660        3.285800        4.657460        5.987220        5.719490        4.262600        4.079420        6.986860       12.299030       23.104520        3.576260        5.896770        3.605910        7.807020        4.660240        3.320040        4.497450 
       4.686500        5.023270        5.947530       13.692230        8.066480        3.671140        5.997800        9.565500        7.481470        3.662820        2.356090        4.127680        8.281150        5.769510        4.556740        3.409920        6.149180       14.694830        3.909720        6.668250        1.825570        3.820990        3.262950        2.325220        5.059960 
       2.326440        2.475210        2.887780        7.481280        4.510500        1.941990        2.932000        5.245780        4.157020        2.134870        1.413960        2.314710        4.591590        3.239040        2.640470        1.950350        3.284960        7.733870        2.374800        3.717170        1.143050        2.108250        1.909870        1.389110        2.842410 
       1.232390        1.285630        1.468100        2.012640        1.377970        1.219480        1.539320        1.406860        1.187530        2.468210        1.095360        1.511110        1.312970        1.577410        3.056170        1.464570        2.443820       10.748090        2.691770        4.354290        0.907320        1.539320        2.544630        1.842170        3.338770 
       1.277200        1.334080        1.516570        1.581890        1.138140        2.056090        1.810900        1.144310        0.994610        1.203880        2.331230        2.559900        1.084500        1.023710        1.476970        3.375910        5.723000        9.440390        1.451370        1.931550        1.846080        3.737900        1.956490        1.429410        1.496180 
       2.763520        2.935810        3.454000        4.331670        2.691510        4.471370        4.111230        2.979930        2.391170        2.846150        5.013080        5.817280        2.658140        2.433070        3.543760        7.559290       13.259310       23.698770        3.077810        5.109960        3.855560        8.454040        4.575260        3.229640        3.880750 
       3.085700        3.289250        3.869390       10.363020        6.158460        2.542600        3.945890        7.226510        5.675540        2.812530        1.788730        3.081030        6.276450        4.388180        3.499390        2.546930        4.452320       10.734200        3.063070        5.045510        1.433980        2.791320        2.494280        1.812020        3.837750 
       1.598460        1.678380        1.957560        4.311790        2.670330        1.410160        1.998690        2.948050        2.372190        2.120900        1.133780        1.704900        2.638300        2.150510        2.649390        1.543480        2.584440        8.765480        2.317300        3.744200        0.924320        1.625300        2.050200        1.458080        2.802810 
       1.766610        1.850930        2.136800        2.963720        1.946770        1.746260        2.250210        2.066200        1.719090        3.715090        1.534490        2.227750        1.894390        2.331770        4.605840        2.118310        3.698650       16.602330        3.969450        6.680200        1.258610        2.272040        3.832160        2.769920        5.122490 
       3.029690        3.229030        3.791900        3.907750        2.481380        5.414760        4.645160        2.697080        2.189560        2.834300        6.268550        7.049580        2.426440        2.290660        3.523610        9.492340       16.656660       27.604810        3.073130        5.039510        4.817350       10.649450        5.165740        3.632750        3.812560 
       6.807450        7.302700        8.661490        8.901870        5.334560       12.441600       10.719840        6.168040        4.856680        6.559240       14.449120       16.482220        5.393870        5.219240        8.154530       22.258930       39.311970       65.929520        6.833210       12.120880       11.005030       24.969680       12.204730        8.517910        9.264510 
      21.837950       23.460530       27.931890       31.002870       18.139030       22.584500       30.073910       21.884090       17.008260       25.343520       19.280980       26.531470       18.872570       19.299360       31.514390       29.832290       54.406950      101.565590       26.160780       47.584770       14.679300       33.372790       48.259360       34.171100       36.621570 
       7.343920        7.850790        9.288450       13.483890        8.078500        7.275320        9.845440        9.435160        7.428450       17.236820        6.084200        9.951860        8.245150       10.568320       21.427580        9.127110       17.355620       81.102200       17.810050       32.162970        4.705740       10.141630       17.811520       12.791890       24.707410 
       2.428930        2.574710        3.007520        4.241390        2.667180        2.411710        3.164530        2.930860        2.377030        5.430080        2.070520        3.175720        2.635460        3.328750        6.738600        2.949080        5.403560       24.986040        5.684720        9.951930        1.649360        3.239960        5.592180        4.025090        7.618190 
       1.104910        1.149690        1.297460        1.356630        1.011920        1.724900        1.540140        0.988640        0.888750        1.042160        1.950680        2.117850        0.948340        0.885950        1.278140        2.783130        4.658620        7.676400        1.279470        1.622100        1.563860        3.065040        1.650220        1.216020        1.253720 
       2.358320        2.504760        2.923870        3.009210        1.944700        4.123220        3.564130        2.100860        1.724750        2.202350        4.759670        5.331230        1.909960        1.810140        2.727670        7.150860       12.453240       20.504500        2.431750        3.852380        3.684550        8.003610        3.948010        2.802080        2.953600 
       3.421680        3.641790        4.280940        5.311400        3.286030        4.238110        4.752140        3.698460        2.975700        5.661690        4.167160        5.467410        3.282960        3.767100        7.031240        6.214820       11.178180       36.077280        5.943210       10.384830        3.235110        6.939180       18.716320       13.247780        7.950620 
       2.162890        2.290080        2.675970        3.459690        2.194820        2.478670        2.899730        2.391470        1.950950        3.898100        2.347640        3.172460        2.160370        2.535130        4.845870        3.402120        6.107430       22.147740        4.122300        7.102410        1.842180        3.786300        9.901740        7.032280        5.422080 
       3.119780        3.329290        3.921310        5.592310        3.427890        3.104010        4.105230        3.832890        3.055030        7.239390        2.625650        4.164720        3.408190        4.377790        8.996490        3.804840        7.200510       33.882470        7.494060       13.409630        2.043020        4.257680        7.451140        5.342320       10.261260 
       5.729652        6.219285        7.290062        3.342872        2.114534        3.674897        7.152008        2.271661        1.934512        1.290321        1.675061        2.021359        2.073538        1.604855        1.556662        2.241405        3.677711        7.070690        1.574365        2.035740        1.338073        2.508626        1.680673        1.223699        1.630719 
      18.568613       19.871647       24.450082       10.362361        6.195092       11.480441       23.407090        7.094973        5.665696        3.392701        4.566366        6.089968        6.423742        4.591251        4.290629        6.841963       11.902069       22.799297        3.720700        6.296711        3.576091        7.742813        4.862906        3.433399        4.680958 
       7.541613        8.101543        9.665757        4.317662        2.639848        4.785763        9.500192        3.052578        2.399051        1.558534        2.004109        2.582518        2.646991        2.031316        1.964221        2.945780        4.869375        9.196410        1.819463        2.679183        1.615133        3.111829        2.068546        1.530090        2.024763 
       3.888780        4.146380        4.883896       12.502243        7.380868        3.095395        4.815753        9.010380        6.936094        3.563940        2.204380        3.895354        7.881347        5.330406        4.335669        3.249173        5.653988       13.296874        3.890691        6.241185        1.829749        3.553884        3.090773        2.298538        4.879219 
       2.578809        2.764142        3.111972        8.047249        4.794383        2.140125        3.257987        5.795240        4.439415        2.423830        1.582463        2.532394        4.994589        3.614768        2.872687        2.159023        3.694672        8.402812        2.642276        4.141631        1.307167        2.367143        2.176302        1.616665        3.269167 
       4.877823        5.255014        6.180130        3.413070        2.161156        4.092346        6.131526        2.390307        1.956917        1.704482        2.943951        3.299509        2.133906        1.758663        2.149746        4.303551        7.318048       12.262282        1.945884        2.813941        2.319350        4.711219        2.565075        1.944032        2.225555 
      17.934130       19.384143       23.660326       10.185998        6.009332       11.714330       23.392156        7.158556        5.477169        3.534469        5.090166        6.496747        6.132912        4.510951        4.349562        7.645320       13.292182       24.393013        3.802588        6.247045        3.933707        8.465055        5.001157        3.573833        4.727367 
       5.043877        5.433401        6.398609       14.980199        8.600684        3.878348        6.472515       10.193065        7.957136        3.880385        2.573683        4.492522        8.879118        6.116373        4.956885        3.671843        6.637997       15.865860        4.213094        7.293295        1.961974        4.171295        3.562149        2.492702        5.392084 
       2.527088        2.709704        3.147484        7.998157        4.881215        2.100771        3.136136        5.569513        4.561101        2.335756        1.488026        2.496294        4.954348        3.470701        2.891503        2.135879        3.567024        8.174153        2.590682        4.056885        1.229852        2.233833        2.074115        1.503507        3.037342 
       1.302587        1.395468        1.585335        2.166946        1.463675        1.285495        1.660053        1.537948        1.302873        2.671579        1.188701        1.625902        1.386322        1.712044        3.323127        1.597774        2.648017       11.542429        2.929135        4.767620        0.983861        1.673160        2.778416        2.004129        3.657969 
       1.380046        1.423570        1.622168        1.665803        1.219477        2.178591        1.977405        1.257859        1.050038        1.266176        2.542092        2.813652        1.148030        1.094617        1.563530        3.665387        6.099413       10.153209        1.552107        2.077921        2.021927        4.065524        2.119424        1.539679        1.616920 
       2.977807        3.118287        3.730166        4.758842        2.935082        4.713504        4.405730        3.247566        2.535817        3.092460        5.403561        6.219041        2.801025        2.648198        3.732163        8.110324       14.402519       25.130590        3.309141        5.387634        4.107353        8.924976        4.955661        3.469736        4.257171 
       3.329956        3.568209        4.162290       10.949895        6.753679        2.726286        4.147839        7.907710        6.011531        2.967894        1.966397        3.331155        6.817008        4.678728        3.768207        2.701112        4.823444       11.337837        3.365759        5.331592        1.567667        3.006076        2.742551        1.947539        4.038000 
       1.736888        1.828047        2.146320        4.640829        2.849386        1.512594        2.179348        3.109564        2.538639        2.309222        1.238210        1.822735        2.793054        2.277561        2.870489        1.636163        2.781390        9.463425        2.478426        3.956914        0.995007        1.772300        2.157409        1.549324        3.077245 
       1.860831        2.033125        2.294424        3.121842        2.064395        1.901703        2.400961        2.225912        1.860218        4.013339        1.632520        2.352290        2.073211        2.520994        4.843406        2.247680        3.908162       17.657893        4.324419        7.108479        1.361680        2.459481        4.044568        2.984851        5.468763 
       3.242837        3.412787        4.010588        4.239546        2.623256        5.825110        5.094330        2.912323        2.386164        3.022322        6.825435        7.577970        2.549369        2.431926        3.764355       10.366703       17.925824       29.606532        3.282431        5.351605        5.110652       11.512290        5.526224        3.925098        4.075647 
       7.234424        7.706926        9.326836        9.664032        5.605790       13.333171       11.369223        6.551465        5.148508        6.954112       15.856682       17.973603        5.771796        5.538476        8.600246       24.035867       43.017795       71.558690        7.318085       13.041071       11.947126       26.940004       13.043123        8.985372        9.827981 
      23.111892       24.669391       29.404906       34.073022       19.202505       24.046803       32.346685       23.605725       18.169957       26.882408       20.250237       27.962131       20.436770       20.859206       34.471984       32.079112       58.271077      110.033935       27.821507       52.336494       15.428945       35.715821       51.064315       37.329948       39.116133 
       7.814315        8.326720        9.783459       14.415997        8.822643        7.861851       10.445490        9.932574        8.121295       18.212681        6.624568       10.636876        9.019553       11.236585       23.067525        9.885131       18.550391       88.128813       18.864130       34.877638        5.144052       11.154245       19.550544       13.758494       26.633890 
       2.558571        2.793989        3.248979        4.567296        2.817246        2.631824        3.480350        3.102175        2.567475        5.952125        2.191275        3.354050        2.870493        3.650074        7.224916        3.174061        5.800858       26.732478        6.201640       10.939378        1.780782        3.527638        6.070614        4.312111        8.120660 
       1.193071        1.217569        1.383874        1.447715        1.106424        1.834315        1.670653        1.055962        0.956703        1.094545        2.115673        2.291908        1.004732        0.954245        1.369693        3.015377        5.001679        8.176606        1.359045        1.715608        1.693044        3.328183        1.783040        1.328174        1.339954 
       2.563643        2.648508        3.159001        3.207862        2.042039        4.477262        3.772135        2.300255        1.839769        2.315764        5.180468        5.615558        2.019861        1.982299        2.906088        7.721464       13.236266       21.602689        2.628345        4.116822        3.936268        8.715537        4.210600        3.068845        3.132932 
       3.682209        3.926836        4.556150        5.668724        3.566767        4.636111        5.092840        3.985108        3.187501        6.205630        4.421104        5.745060        3.590316        3.977689        7.649722        6.750677       12.068849       39.501797        6.278260       11.354904        3.443042        7.579477       19.690035       14.175371        8.457922 
       2.296768        2.409309        2.874959        3.784231        2.320560        2.686574        3.133208        2.520276        2.129779        4.236684        2.474777        3.434311        2.300250        2.703747        5.280278        3.705437        6.696049       24.252306        4.330157        7.588006        1.975943        4.085690       10.860728        7.545113        5.740849 
       3.370047        3.599112        4.157783        5.973200        3.635471        3.267888        4.478174        4.165863        3.299021        7.947919        2.776012        4.376006        3.730926        4.801320        9.831178        4.037593        7.721183       35.830554        8.007291       14.668356        2.234487        4.632473        8.069343        5.669263       11.003931 
       3.000000        3.000000 
       0.750000        0.750000 
       2.000000        2.000000 
   36182.767969
   49084.996367
   40853.935011
   43044.155646
   35704.505255
   36984.398639
   50662.259043
   41641.898888
   34806.866334
   33395.420807
   31757.398332
   40738.194719
   37299.679597
   31810.291301
   36898.205377
   43082.753581
   52260.436184
   53189.995369
   52094.850751
   46687.502558
   31857.515177
   42720.267663
   50447.141891
   38667.003256
   45537.365463
   2
   2
   2
   2
   2
   2
   2
   2
   2
   2
   2
   2
   2
   2
   2
   2
   2
   2
   2
   2
   2
   2
   2
   2
   2
    1580.459227    1679.923445
     434.745676     464.774666
    2627.642125    2863.919014
    2859.188398    3118.057208
    4485.900222    4716.684438
    3111.236548    3365.579924
    4070.264795    4288.162530
    2800.713890    3051.617411
    3484.731543    3811.052242
    3834.999747    4153.519963
    1749.657805    1858.656997
    2197.950727    2317.108408
    1676.431467    1783.710906
    2953.363207    3149.193534
    3334.450669    3617.955809
    1839.693154    1970.619772
    4043.217049    4391.148175
    2418.667895    2598.874045
    3561.092141    3782.286969
    2078.789258    2201.028437
    3734.160490    4103.069384
    1440.406654    1526.588400
    3423.238386    3651.557012
     416.266270     443.776406
    1398.743719    1529.346351
   23452.524693    24791.165933 
   31565.571773    33881.090049 
   25975.037332    28496.876016 
   27947.416293    29444.791235 
   22848.350770    24757.656236 
   23718.217383    25594.314136 
   32699.025736    34850.652989 
   26710.047399    28812.484452 
   22612.640763    23796.514349 
   21456.719542    23070.508201 
   20581.621093    21761.576683 
   26304.387544    28013.205415 
   23810.992499    25921.913630 
   20616.527389    21797.194345 
   23824.808145    25372.799024 
   27858.417755    29585.253687 
   33482.377878    36198.203701 
   34398.602596    36521.391229 
   33283.091110    36176.709891 
   30202.080961    32047.922450 
   20395.452373    22081.234530 
   27420.920177    29539.436707 
   32097.825418    35165.030436 
   24822.947094    26733.057248 
   29315.769949    31400.717335 
