  40   3
    7205.289932      7026.341011
   15537.363271     25168.833798
   22828.809185     21365.280809
   24497.000000      4616.420841
   28800.639559     21073.054147
   36049.817346     22340.520195
   44214.740570     22113.964630
   57381.825996     12161.439356
   14489.878283     34680.217103
   21982.447281     33787.972377
   25546.724342     32441.763596
   28010.437791     28332.198687
   31667.975072     31234.012739
   35325.576894     31561.327231
   39010.270108     32965.912554
   46538.466332     32770.833242
   15642.408745     38977.855903
   21748.596010     39878.026962
   27669.198417     38378.596465
   31878.072362     37932.542276
   34261.821810     39477.373517
   37838.336504     37735.478198
   41800.612927     38697.296824
   49314.935585     37871.663884
   17135.745943     46454.978833
   23585.263526     44119.105126
   25526.213253     47274.613334
   30190.418409     47481.002814
   31036.094409     46460.201310
   33143.709834     45669.810004
   37541.490630     43224.185982
   47002.061353     42755.991101
    5679.073157     53699.134183
   16606.428992     51845.244252
   21080.519676     52770.808291
   27605.601198     50730.436412
   31389.798147     48627.168057
   31983.149669     51902.731125
   34646.969976     49621.167524
   37794.984570     49497.465641
       0.616980        1.510670        1.714620        1.833510        1.439060        0.451730        0.702600        0.512980        0.721060        1.414040        0.633220        1.497190        0.632560        0.355810        0.503370        0.358070        0.506070        0.451910        0.462950        0.496360        0.602740        0.360770        0.484380        0.335660        0.431810        0.717310        1.072130        2.212660        0.380750        0.558340        0.447940        0.512100        0.376760        0.523810        0.461390        0.463230        0.517110        0.362880        0.422880        0.370280 
       0.961360        2.616450        3.017260        3.236210        2.488510        0.648810        1.124700        0.765060        1.165080        2.465430        1.009200        2.546940        1.015190        0.478230        0.764840        0.480290        0.759910        0.667580        0.678080        0.750310        0.943390        0.488330        0.692320        0.448060        0.628430        1.151120        1.797000        3.896050        0.481820        0.695910        0.649020        0.778820        0.518390        0.802120        0.675150        0.696330        0.756390        0.509340        0.605010        0.533230 
       3.710920       11.496240       13.439560       14.437750       10.928680        2.281450        4.566380        2.811310        4.766920       10.894080        4.140360       11.097730        4.198570        1.581120        3.003890        1.641220        2.885630        2.510520        2.510390        2.951870        3.833960        1.662580        2.469010        1.448890        2.293930        4.736550        7.701420       17.550300        1.416630        2.006070        2.411230        2.983610        1.763110        3.181900        2.498760        2.702690        2.839440        1.771410        2.168720        1.978350 
       1.540490        4.494420        5.219850        5.608870        4.267150        0.985200        1.826890        1.191740        1.915750        4.239410        1.652140        4.345190        1.656480        0.689190        1.214290        0.696810        1.195890        1.024860        1.050520        1.190680        1.521880        0.705940        1.031630        0.621290        0.946350        1.860250        3.023060        6.751860        0.654700        0.925180        0.962150        1.216230        0.759860        1.283160        1.045290        1.079240        1.156630        0.736460        0.867800        0.789770 
       1.158040        3.246020        3.754250        4.030480        4.397980        1.618070        3.119880        1.979910        1.621370        3.060880        1.288190        4.094010        2.909110        1.139580        2.013700        1.033060        1.168190        1.015970        1.265900        2.031510        2.602720        1.156260        1.537840        0.926340        0.936790        1.825880        2.914810        7.264150        0.932590        1.327990        1.495180        1.826140        0.755750        1.258590        1.025740        1.132860        1.375310        0.831520        1.353440        1.229130 
       0.432700        0.926430        1.028290        1.096410        2.157970        1.154960        2.166260        1.399840        0.665660        0.858470        0.469110        1.817170        2.000050        0.821920        1.378020        0.708250        0.592960        0.528380        0.760890        1.400950        1.807620        0.819930        1.040010        0.641700        0.500380        0.874080        1.344640        3.623230        0.666950        0.953360        0.994070        1.211370        0.425340        0.622590        0.535710        0.601950        0.806850        0.488860        0.905700        0.817550 
       0.598550        1.461080        1.659280        1.775260        3.548720        1.832790        3.561410        2.249030        1.020850        1.366980        0.688170        2.967160        3.327300        1.286890        2.254670        1.100120        0.897050        0.782260        1.182870        2.300460        2.970340        1.292900        1.640360        0.985070        0.731110        1.374590        2.173020        6.039350        0.987530        1.407560        1.597620        1.952450        0.598200        0.955670        0.792900        0.922550        1.251270        0.726160        1.442610        1.311670 
       0.535130        1.225430        1.387010        1.479320        2.907620        1.518680        2.908360        1.854080        0.875090        1.154420        0.612210        2.438060        2.716030        1.086800        1.863090        0.937630        0.776560        0.684660        1.004000        1.896590        2.429870        1.090050        1.382160        0.845610        0.640170        1.170990        1.808570        4.940110        0.858780        1.226460        1.355950        1.618130        0.536610        0.826600        0.693690        0.798030        1.071790        0.640300        1.231070        1.114290 
       0.694190        1.765690        2.017300        2.160420        1.903090        0.633430        1.090730        0.745800        1.693870        1.656590        0.944910        1.884360        0.978560        0.464150        0.885140        0.686070        1.671370        1.450020        1.210180        0.786550        0.917150        0.518880        1.007550        0.618600        1.330580        2.670100        4.294690        8.526540        0.650620        0.919540        0.957320        1.168430        1.053120        1.821860        1.457830        1.445040        1.370030        0.909070        0.868420        0.786630 
       1.118620        3.150960        3.640770        3.910060        2.993640        0.734250        1.316120        0.877220        1.366070        2.962140        1.171270        3.050750        1.171640        0.517570        0.868170        0.522310        0.867780        0.747370        0.767150        0.851860        1.093430        0.531320        0.764820        0.477120        0.700070        1.321080        2.123580        4.709150        0.510860        0.733550        0.701090        0.888130        0.568320        0.915870        0.763530        0.779820        0.842060        0.550640        0.643520        0.576350 
       1.629820        4.812580        5.589070        6.009130        4.659190        1.090360        2.061100        1.328460        2.393300        4.530410        1.838100        4.709990        1.858450        0.754340        1.416560        0.852820        1.716910        1.475720        1.390180        1.348390        1.707830        0.791370        1.284020        0.756640        1.350750        2.746200        4.490030        9.737830        0.785400        1.100040        1.211060        1.533020        1.063790        1.866580        1.491700        1.524890        1.551580        0.988940        1.089120        0.993400 
       2.680660        8.083410        9.420030       10.129880        9.057500        2.571950        5.075240        3.177320        3.590040        7.631110        2.976290        8.787110        4.703650        1.772760        3.279450        1.676860        2.336530        2.023930        2.287850        3.271050        4.211280        1.813710        2.533770        1.486940        1.858130        3.767620        6.143590       14.788310        1.472250        2.080400        2.458800        3.071490        1.440660        2.549260        2.028180        2.229240        2.513730        1.517450        2.206050        2.017030 
       0.808920        2.198460        2.516460        2.703490        5.565480        2.799540        5.584000        3.470870        1.488430        2.045070        0.946320        4.595240        5.201070        1.917470        3.476750        1.617620        1.288730        1.104860        1.749720        3.551300        4.632400        1.928260        2.455290        1.431210        1.016800        2.021830        3.310020        9.576780        1.404050        1.986630        2.383200        2.992650        0.802760        1.380720        1.120780        1.324300        1.827470        1.004730        2.130140        1.954250 
       0.383300        0.775600        0.853550        0.908430        1.763390        0.967300        1.772350        1.164240        0.567310        0.715260        0.392900        1.498750        1.625810        0.693170        1.135290        0.599240        0.508730        0.448960        0.643960        1.152640        1.487190        0.687990        0.870950        0.540660        0.429950        0.722090        1.106360        2.911120        0.577870        0.824290        0.819130        1.001740        0.366060        0.520370        0.459460        0.502880        0.676480        0.411520        0.744900        0.673280 
       0.471170        1.080150        1.204030        1.288520        2.382780        1.226520        2.335490        1.494220        0.813950        0.992770        0.526980        2.018210        2.141520        0.860130        1.693620        1.091000        0.739470        0.645230        0.867710        1.579040        1.935620        0.930170        1.640080        0.972980        0.607660        1.120540        1.778520        6.742360        0.978410        1.378560        1.578920        1.967410        0.500750        0.779110        0.656190        0.883020        1.325770        0.774500        1.421770        1.296970 
       0.314760        0.572010        0.606890        0.643390        0.860620        0.456440        0.747890        0.528480        0.528720        0.510280        0.332870        0.788100        0.634400        0.337720        0.910840        0.972330        0.516090        0.456930        0.460520        0.647710        0.619810        0.470840        1.460500        0.865580        0.437450        0.744540        1.165560        6.469490        0.883080        1.231630        1.396140        1.742570        0.368630        0.530140        0.465520        0.759760        1.269790        0.756330        1.256690        1.145650 
       0.338110        0.631680        0.684400        0.726460        0.804610        0.406330        0.629460        0.461170        1.136530        0.578450        0.518280        0.776200        0.543970        0.313430        0.558790        0.504980        1.275260        1.104050        0.895250        0.473770        0.529400        0.353570        0.722680        0.458980        1.018830        2.001800        3.208450        6.172020        0.498940        0.716600        0.669090        0.821140        0.819040        1.378470        1.117690        1.080380        1.008370        0.683480        0.613900        0.550260 
       0.615550        1.528260        1.730380        1.852790        2.042490        0.813320        1.476400        0.975110        3.032930        1.419200        1.243130        1.913420        1.333800        0.587460        1.359330        1.171490        3.441160        2.984210        2.323980        1.117720        1.226520        0.717030        1.753380        1.049490        2.723680        5.659510        9.216330       18.179160        1.040180        1.462810        1.701140        2.117280        2.080240        3.793850        2.970860        2.955200        2.645610        1.731450        1.534990        1.394220 
       0.343900        0.672390        0.718720        0.765340        1.156510        0.593790        1.042610        0.705110        0.953080        0.598280        0.463900        1.019560        0.898600        0.425510        0.739700        0.517570        1.031510        0.888270        0.812590        0.685470        0.856940        0.451300        0.760310        0.471730        0.821150        1.593560        2.587490        5.368690        0.507590        0.728990        0.690370        0.890180        0.662720        1.099160        0.904130        0.881630        0.882210        0.578000        0.630880        0.564390 
       0.697430        1.839140        2.092970        2.247900        4.497450        2.260460        4.477000        2.795200        1.284150        1.703140        0.811330        3.731190        4.153370        1.547690        2.920490        1.516860        1.128170        0.966890        1.461980        2.890100        3.705670        1.591850        2.313480        1.343980        0.894620        1.756390        2.875140        9.332950        1.327960        1.864680        2.241260        2.809460        0.715520        1.207120        0.985950        1.237620        1.772800        0.996500        2.007840        1.839410 
       0.398970        0.852910        0.936980        1.001200        2.036700        1.087340        2.055100        1.324270        0.606750        0.776940        0.412290        1.691890        1.852950        0.754100        1.275630        0.644150        0.538210        0.475070        0.696530        1.290130        1.701060        0.748480        0.952370        0.578800        0.454940        0.781880        1.230160        3.420700        0.610840        0.870440        0.884460        1.126390        0.382730        0.554870        0.484450        0.536720        0.725360        0.432980        0.802530        0.726880 
       0.327120        0.640170        0.679230        0.722780        1.441820        0.789690        1.449340        0.951780        0.466010        0.563470        0.319760        1.207790        1.275860        0.548200        0.936680        0.545260        0.422880        0.377490        0.521720        0.914820        1.194340        0.556900        0.804600        0.491380        0.369110        0.602720        0.939610        2.978500        0.525880        0.753320        0.720410        0.953870        0.313860        0.424030        0.384000        0.438970        0.627810        0.375820        0.653760        0.589560 
       0.474890        0.994390        1.086990        1.157830        1.545690        0.746140        1.304540        0.883880        0.911290        0.902830        0.551100        1.398710        1.143070        0.545340        1.668510        1.776560        0.888090        0.777790        0.781660        1.164340        1.085410        0.799630        2.684000        1.579290        0.731020        1.345520        2.144940       12.336100        1.553870        2.154060        2.613900        3.250420        0.603430        0.939720        0.790880        1.380050        2.345460        1.372550        2.346110        2.144200 
       0.331510        0.625070        0.668110        0.709020        0.947590        0.489910        0.817530        0.570630        0.575730        0.560370        0.357960        0.865450        0.699990        0.362770        1.010020        1.076310        0.562200        0.494140        0.499030        0.712900        0.677750        0.509790        1.619700        0.959350        0.473040        0.821580        1.293370        7.243660        0.967830        1.345830        1.557190        1.940230        0.396790        0.581450        0.504680        0.839720        1.410560        0.835180        1.399880        1.277710 
       0.381270        0.802860        0.880850        0.940840        1.051430        0.478600        0.796900        0.556810        1.534200        0.729710        0.644550        0.992990        0.680550        0.349360        0.701630        0.622120        1.730710        1.488100        1.182280        0.580390        0.657040        0.406110        0.914150        0.558010        1.367100        2.769670        4.528150        8.883890        0.592170        0.841500        0.843280        1.079090        1.072130        1.882250        1.503650        1.458690        1.327800        0.879550        0.765150        0.692370 
       0.898510        2.401140        2.738280        2.941360        3.234800        1.226350        2.309860        1.491130        4.837370        2.228560        1.926580        2.998860        2.074500        0.850860        2.127360        1.806930        5.507550        4.769000        3.681340        1.722440        1.908030        1.060190        2.744160        1.603210        4.338870        9.092960       14.834490       29.246160        1.576260        2.188300        2.659240        3.340280        3.303700        6.091010        4.746350        4.718070        4.206700        2.734900        2.383620        2.181290 
       1.431230        4.104690        4.743530        5.098710        5.565470        2.007690        3.918700        2.470770        8.369260        3.848390        3.300350        5.146270        3.600970        1.373680        3.664400        3.090270        9.541220        8.288510        6.364510        2.966880        3.240640        1.763290        4.708230        2.732020        7.527830       15.896280       25.896050       51.121340        2.624940        3.639260        4.638920        5.767310        5.687370       10.606410        8.210090        8.235360        7.304090        4.735710        4.146370        3.803930 
       4.722300       14.660620       17.164290       18.462120       20.825320        7.365670       15.041690        9.193950       13.595480       13.893390        7.348150       19.055120       14.178910        5.049740       14.811780       12.808910       13.276950       11.570450       10.547430       11.840180       12.507030        6.937780       19.585050       11.310660       10.517410       22.243650       36.185520       67.809420       10.580870       14.734080       19.597700       24.123490        7.887110       14.800740       11.415220       18.388510       25.578510       16.041250       17.516980       16.070190 
       0.955650        2.546110        2.913460        3.124900        3.899560        1.606640        3.077470        1.963050        2.917280        2.378020        1.461670        3.520060        2.826100        1.124010        3.781190        3.848980        3.017010        2.619910        2.351150        2.703270        2.555660        1.705010        5.861590        3.409170        2.397930        4.916150        7.977290       35.427740        3.247720        4.490480        5.810610        7.186940        1.851570        3.314890        2.614620        7.819240       12.958290        8.760210        5.200890        4.764850 
       1.736000        4.796960        5.518780        5.924320        7.935460        3.341420        6.557170        4.114090        4.351860        4.491000        2.417460        7.043070        6.069000        2.313760        8.662210        9.133450        4.221310        3.672710        3.683390        6.021080        5.443650        3.799860       13.932330        8.075090        3.368380        6.873400       11.149770       66.333410        7.633710       10.565520       13.866020       17.108530        2.593010        4.629470        3.658460        7.120440       12.169200        6.981590       12.404750       11.371040 
       0.442430        0.933630        1.010470        1.079540        1.465390        0.705950        1.246530        0.838950        0.853600        0.833360        0.493420        1.313760        1.064710        0.497530        1.572940        1.681530        0.831850        0.716670        0.727810        1.084700        1.020950        0.743500        2.557120        1.488780        0.680470        1.245400        2.021750       11.844980        1.477630        2.043360        2.466000        3.104420        0.554950        0.866440        0.735970        1.294830        2.216820        1.286000        2.205600        2.022110 
       0.486120        1.108420        1.240350        1.325980        1.752100        0.807050        1.456280        0.967400        1.018260        1.026580        0.599620        1.580440        1.312570        0.581240        1.910810        2.035250        0.992810        0.864730        0.870940        1.331730        1.216360        0.885430        3.078410        1.805230        0.800810        1.538430        2.464370       14.332860        1.744360        2.414720        3.034290        3.751690        0.652000        1.062750        0.875420        1.582290        2.697590        1.573510        2.722590        2.490340 
       0.313690        0.548020        0.585150        0.619680        0.689240        0.367610        0.550800        0.412630        0.961760        0.498550        0.457450        0.674170        0.469880        0.297460        0.487460        0.443240        1.075650        0.933110        0.763630        0.412210        0.466650        0.321990        0.626120        0.405460        0.865480        1.666040        2.661070        5.088500        0.447220        0.647400        0.573390        0.703760        0.701070        1.155000        0.946280        0.910560        0.859140        0.584380        0.533100        0.474000 
       0.484890        1.125320        1.256770        1.345150        1.487540        0.626740        1.094760        0.742050        2.190130        1.036080        0.912820        1.398680        0.963250        0.459490        0.995560        0.860070        2.480170        2.148840        1.677880        0.815630        0.911470        0.543160        1.285040        0.771370        1.965190        4.038380        6.582920       12.955950        0.788720        1.106500        1.222730        1.532090        1.516870        2.722460        2.148470        2.117490        1.911130        1.256090        1.107530        1.004410 
       0.335530        0.615450        0.662290        0.702190        0.779780        0.399300        0.611580        0.451830        1.096820        0.562870        0.510280        0.755540        0.527140        0.314270        0.544610        0.490960        1.229900        1.068360        0.865910        0.462600        0.518280        0.352120        0.704220        0.450120        0.984200        1.928330        3.084080        5.917200        0.488200        0.702540        0.654740        0.797290        0.792240        1.327690        1.078740        1.041890        0.977200        0.662640        0.603110        0.538880 
       0.433310        0.965700        1.064450        1.138640        1.347250        0.593830        1.039830        0.704760        1.486560        0.878730        0.678190        1.246640        0.898990        0.433650        1.053600        0.999410        1.627290        1.403510        1.161820        0.809370        0.857470        0.548660        1.504590        0.891890        1.291150        2.603080        4.244110       11.999480        0.897200        1.256940        1.426540        1.818990        1.011890        1.765800        1.414510        2.971150        4.366430        3.037510        1.287390        1.169620 
       0.802220        2.067900        2.354230        2.525180        3.107880        1.298470        2.441470        1.576800        2.483290        1.923390        1.211290        2.818900        2.222780        0.903480        2.895240        2.910920        2.594900        2.236720        1.986120        2.098740        2.025570        1.333860        4.420320        2.576550        2.048660        4.185230        6.814810       28.320090        2.480730        3.432880        4.366330        5.395690        1.594770        2.836910        2.249460        7.056570       11.659450        8.016780        3.909080        3.581180 
       0.407500        0.891950        0.976020        1.044600        1.309810        0.600090        1.056410        0.713130        1.068460        0.803500        0.537480        1.195480        0.908090        0.430400        1.187420        1.195190        1.115260        0.956750        0.861530        0.865850        0.869050        0.588960        1.812060        1.061950        0.888140        1.736550        2.837750       11.577110        1.060610        1.472860        1.736360        2.195720        0.705300        1.189680        0.973330        2.969800        4.904620        3.389700        1.558500        1.424510 
       0.697630        1.726960        1.950450        2.090470        2.769080        1.225060        2.284330        1.484800        1.581720        1.599110        0.891300        2.480040        2.072580        0.860290        3.041280        3.239420        1.539740        1.323480        1.336670        2.097920        1.901470        1.359220        4.922780        2.870590        1.221170        2.419590        3.924630       23.279850        2.744710        3.784760        4.874270        6.031040        0.976310        1.658600        1.344760        2.512390        4.309240        2.490330        4.363100        3.997690 
       0.470570        1.120940        1.250000        1.341030        1.797940        0.814860        1.500480        0.983320        1.028600        1.020640        0.560580        1.603160        1.325310        0.556020        1.955610        2.086190        1.001380        0.853050        0.869660        1.345860        1.235200        0.883600        3.185980        1.844530        0.791230        1.534620        2.521980       14.996900        1.793080        2.467290        3.122550        3.887680        0.632640        1.059040        0.874020        1.613630        2.771790        1.600360        2.790990        2.560520 
       0.661571        1.661396        1.816648        1.987957        1.556128        0.475156        0.739485        0.562172        0.763848        1.519250        0.683294        1.635230        0.674440        0.389497        0.534066        0.383970        0.549726        0.492195        0.488667        0.535586        0.646149        0.390796        0.514759        0.355434        0.461750        0.758216        1.140827        2.381917        0.411889        0.604996        0.476800        0.548363        0.398211        0.550568        0.498798        0.495101        0.544245        0.397733        0.444516        0.405271 
       1.011755        2.846894        3.254188        3.446296        2.631808        0.696711        1.201200        0.806909        1.244104        2.690112        1.071318        2.722972        1.112148        0.515272        0.839877        0.510083        0.829469        0.712635        0.736620        0.821099        1.026121        0.535918        0.760085        0.486240        0.690778        1.241616        1.892296        4.232696        0.509712        0.751010        0.701864        0.842223        0.555259        0.865038        0.719491        0.756043        0.814713        0.551334        0.635721        0.559998 
       3.996235       12.569098       14.328879       15.504444       11.679750        2.429793        4.814892        2.991278        5.190417       11.630487        4.366066       11.658747        4.568198        1.716881        3.230082        1.792229        3.060276        2.643413        2.749366        3.231913        4.166259        1.751049        2.615823        1.525615        2.457212        5.158730        8.365349       18.615653        1.500857        2.132965        2.595371        3.175923        1.921882        3.348142        2.743679        2.948033        3.026620        1.903053        2.364561        2.108699 
       1.628807        4.787873        5.660416        6.139202        4.682320        1.041975        1.994082        1.261380        2.082740        4.586279        1.771736        4.566368        1.769593        0.738530        1.308537        0.759393        1.259411        1.092933        1.137851        1.296992        1.671839        0.757450        1.095747        0.667950        1.008716        1.983110        3.290566        7.130201        0.696137        1.011441        1.038159        1.310759        0.828364        1.375738        1.105948        1.144649        1.248823        0.806005        0.912610        0.867583 
       1.267350        3.471662        4.035793        4.290997        4.647018        1.756194        3.424441        2.084326        1.742761        3.310425        1.366562        4.481940        3.180649        1.223806        2.207542        1.118703        1.284166        1.101435        1.347024        2.207245        2.758707        1.225335        1.689390        1.016116        1.024890        1.992347        3.100243        7.930176        1.012395        1.396562        1.628634        1.930301        0.810595        1.336478        1.111444        1.226536        1.470094        0.878223        1.476690        1.312838 
       0.472786        0.976686        1.103191        1.198934        2.302729        1.235663        2.329174        1.526277        0.705547        0.906925        0.504481        1.988907        2.159345        0.871807        1.504280        0.744508        0.632489        0.559541        0.819541        1.511638        1.907680        0.862866        1.134516        0.698606        0.537657        0.958568        1.431046        3.860271        0.704542        1.007016        1.088722        1.292098        0.467813        0.682474        0.577996        0.638997        0.853581        0.513696        0.957554        0.870038 
       0.655232        1.587651        1.795579        1.917123        3.775883        1.949074        3.857169        2.420400        1.121888        1.469094        0.748787        3.213619        3.651053        1.374868        2.378489        1.207679        0.970143        0.828520        1.263301        2.430072        3.119773        1.364071        1.746933        1.069407        0.788846        1.496217        2.390080        6.612145        1.037362        1.482350        1.739091        2.090925        0.643777        1.025927        0.837536        0.983707        1.362035        0.768643        1.563110        1.434385 
       0.572234        1.306229        1.461821        1.593552        3.077616        1.666838        3.194762        1.976691        0.920592        1.215231        0.659013        2.561741        2.979564        1.149730        2.010934        1.001007        0.835319        0.730159        1.078230        2.014769        2.645275        1.186557        1.475181        0.909367        0.674687        1.261017        1.910785        5.309431        0.914978        1.326504        1.451525        1.717350        0.580921        0.878765        0.753981        0.877308        1.174000        0.690158        1.332260        1.223532 
       0.761551        1.935170        2.181993        2.308907        2.046886        0.680915        1.166529        0.802050        1.796923        1.747253        1.009554        2.033147        1.031905        0.508391        0.954535        0.730001        1.794105        1.534724        1.273917        0.850322        0.973140        0.547116        1.070844        0.669334        1.445578        2.874723        4.519674        9.301272        0.708308        1.010851        1.052161        1.283260        1.157937        1.987508        1.575875        1.580991        1.441433        0.972246        0.926757        0.847067 
       1.205769        3.322740        3.871531        4.180311        3.247136        0.789627        1.393460        0.932913        1.496757        3.119784        1.246091        3.264862        1.284887        0.556595        0.917429        0.553031        0.948381        0.791475        0.815451        0.934646        1.172186        0.580668        0.830181        0.521714        0.758710        1.427103        2.299052        5.146615        0.539508        0.785695        0.755717        0.959499        0.621602        1.005475        0.808209        0.830875        0.908804        0.580385        0.705340        0.606209 
       1.788092        5.133717        5.992775        6.557924        4.967490        1.148615        2.178066        1.428241        2.606847        4.764860        1.998251        5.060533        1.989308        0.806649        1.494899        0.932872        1.853833        1.578568        1.494621        1.421067        1.869625        0.853596        1.372791        0.803445        1.477168        2.981966        4.805320       10.596008        0.850556        1.202358        1.312285        1.627382        1.136048        2.025211        1.609922        1.636454        1.702251        1.063907        1.154967        1.045303 
       2.890355        8.518849       10.211693       11.062968        9.849586        2.756732        5.558408        3.359128        3.822729        8.137075        3.268801        9.580369        5.097834        1.896570        3.480614        1.785098        2.493503        2.148095        2.473450        3.482220        4.473317        1.943562        2.717673        1.633696        1.967751        3.992146        6.733378       16.253917        1.615117        2.234016        2.654404        3.333486        1.556961        2.772249        2.170265        2.436843        2.761658        1.625837        2.359952        2.209918 
       0.883359        2.346526        2.753184        2.880153        6.086232        2.991775        6.038225        3.653438        1.587124        2.150819        1.006941        4.834097        5.702407        2.040985        3.665506        1.754498        1.383264        1.164852        1.900345        3.883724        4.897427        2.118158        2.655673        1.541138        1.104483        2.146295        3.587463       10.248721        1.520993        2.101613        2.564040        3.203785        0.877825        1.477002        1.213589        1.406746        1.939186        1.103313        2.290884        2.122544 
       0.411037        0.826332        0.907948        0.973395        1.868377        1.042306        1.867607        1.257576        0.609147        0.776474        0.418060        1.628779        1.738667        0.740835        1.197068        0.655808        0.541577        0.478555        0.679173        1.267610        1.615169        0.736847        0.944405        0.575864        0.455511        0.790519        1.188185        3.160400        0.614768        0.891419        0.877306        1.054791        0.401553        0.569759        0.499914        0.549230        0.724305        0.437440        0.801370        0.722637 
       0.508622        1.160368        1.305458        1.360083        2.526938        1.344804        2.543301        1.609083        0.888766        1.052148        0.576755        2.156058        2.270405        0.928070        1.795234        1.164500        0.799392        0.707652        0.921853        1.663397        2.056308        1.001471        1.761826        1.064256        0.651310        1.211722        1.930205        7.152885        1.068662        1.500044        1.677379        2.132431        0.536843        0.832048        0.700645        0.948936        1.397958        0.836683        1.537969        1.415651 
       0.346041        0.617773        0.655909        0.704303        0.944112        0.481496        0.800547        0.570657        0.575536        0.542038        0.360932        0.855200        0.676992        0.366681        0.962447        1.047132        0.543129        0.496451        0.492667        0.703954        0.674621        0.513134        1.605659        0.915404        0.465079        0.788404        1.224179        6.898881        0.966130        1.316151        1.523332        1.834854        0.387321        0.566733        0.498055        0.800250        1.345492        0.796012        1.343644        1.221253 
       0.366151        0.665004        0.729016        0.773465        0.863471        0.446745        0.675199        0.484394        1.238047        0.630206        0.551121        0.828403        0.575555        0.334016        0.595260        0.548648        1.372328        1.195603        0.943348        0.515152        0.563445        0.380892        0.794840        0.501932        1.085460        2.109468        3.412181        6.638175        0.545622        0.766237        0.703363        0.868433        0.875032        1.463430        1.212097        1.182936        1.100136        0.719292        0.674252        0.582373 
       0.656256        1.668493        1.875403        2.033786        2.186325        0.879018        1.585759        1.039461        3.230463        1.556992        1.337441        2.013421        1.466930        0.621061        1.453409        1.233465        3.616327        3.162755        2.553477        1.214323        1.325203        0.782306        1.866948        1.103781        2.907809        6.004760        9.851927       19.487658        1.126619        1.553031        1.867537        2.277606        2.188937        4.018648        3.123542        3.226423        2.848082        1.836356        1.612309        1.477087 
       0.371088        0.726568        0.758350        0.810277        1.269044        0.632509        1.137117        0.748434        1.028433        0.656358        0.497620        1.075745        0.952880        0.455643        0.801690        0.552677        1.088085        0.956897        0.879523        0.724411        0.915854        0.491221        0.801236        0.512278        0.882446        1.703449        2.802448        5.851761        0.545807        0.776323        0.754815        0.969338        0.706610        1.206513        0.969183        0.962994        0.952543        0.614454        0.680148        0.596417 
       0.734518        1.998299        2.213466        2.415283        4.851995        2.465296        4.859930        2.991168        1.352230        1.848866        0.888855        3.967647        4.483610        1.638085        3.085383        1.642838        1.230933        1.042634        1.583574        3.155860        3.897213        1.705549        2.472614        1.440502        0.946439        1.927430        3.049287       10.048637        1.441088        2.037032        2.437496        3.037856        0.786172        1.288451        1.057570        1.331759        1.905786        1.071118        2.182438        1.996142 
       0.430632        0.903711        0.997432        1.084751        2.217549        1.164204        2.164375        1.430694        0.650685        0.821855        0.451380        1.853946        1.958946        0.794905        1.367856        0.682006        0.590962        0.519751        0.738619        1.400437        1.870572        0.806962        1.035952        0.622194        0.494083        0.857586        1.317798        3.716440        0.656120        0.948820        0.967460        1.225222        0.415403        0.606990        0.518666        0.584086        0.763558        0.455201        0.861508        0.796713 
       0.346708        0.680492        0.741052        0.779481        1.551223        0.834345        1.542501        1.009817        0.502764        0.604757        0.337246        1.286289        1.339885        0.593150        1.023109        0.581116        0.462193        0.400700        0.548383        0.992517        1.296606        0.596633        0.879301        0.536194        0.400921        0.645078        1.003640        3.208444        0.556257        0.806642        0.762831        1.015168        0.332890        0.464031        0.410427        0.465983        0.678681        0.400669        0.716299        0.637370 
       0.518712        1.079447        1.160373        1.223165        1.700084        0.798146        1.424812        0.933756        0.966899        0.950662        0.601802        1.481142        1.251773        0.591093        1.795470        1.949456        0.971915        0.842658        0.831128        1.275112        1.164899        0.862415        2.918480        1.707910        0.788236        1.416703        2.255787       13.053990        1.697622        2.295878        2.818899        3.522659        0.658401        1.001967        0.848465        1.465011        2.536636        1.445683        2.574882        2.354455 
       0.357260        0.668124        0.734602        0.753244        1.025119        0.518067        0.882602        0.620735        0.632671        0.591235        0.376993        0.933751        0.739838        0.394053        1.107073        1.167673        0.592176        0.542964        0.533587        0.773110        0.740424        0.551930        1.731270        1.023046        0.497033        0.867595        1.388842        7.743213        1.029823        1.458139        1.708988        2.047148        0.420168        0.619165        0.543826        0.902515        1.511260        0.884580        1.485320        1.394122 
       0.406972        0.860524        0.936120        1.026409        1.144022        0.513360        0.839137        0.612095        1.617582        0.776426        0.686829        1.071103        0.736651        0.376645        0.762974        0.680401        1.864938        1.602699        1.269204        0.626823        0.693568        0.434326        0.963120        0.589195        1.455600        2.983183        4.932985        9.604128        0.630684        0.906145        0.888509        1.135317        1.177980        2.016650        1.616131        1.601850        1.406187        0.935927        0.818209        0.738274 
       0.948524        2.546746        2.950807        3.165707        3.463488        1.316868        2.442758        1.633533        5.244598        2.396646        2.041750        3.201615        2.242580        0.932759        2.256296        1.957053        5.821536        5.113689        3.891163        1.827956        2.095526        1.153116        3.002011        1.762968        4.727848        9.826513       15.619450       31.880251        1.690575        2.301662        2.882293        3.518237        3.624542        6.625700        5.170403        5.041914        4.584632        2.983618        2.604400        2.291053 
       1.572171        4.501549        5.038757        5.535104        6.004116        2.136888        4.200580        2.599519        9.133954        4.208459        3.544630        5.432953        3.831477        1.492298        3.958960        3.342805       10.043803        8.819939        6.900920        3.124355        3.420731        1.862319        4.948110        2.976803        8.217469       17.418184       28.116344       55.463073        2.823787        3.912868        4.986588        6.143707        6.251464       11.525873        8.782644        8.802161        8.013010        4.973934        4.388702        4.033052 
       5.182965       15.669172       18.603430       19.738275       22.838767        7.842740       16.250277        9.953860       14.654817       14.764700        8.010777       20.129126       14.954862        5.382511       16.255439       13.845444       13.951940       12.622726       11.221584       12.569482       13.187269        7.539011       21.121873       11.881077       11.333619       24.161280       38.251387       73.109573       11.293925       15.568316       20.587035       25.627536        8.574028       16.054853       12.470920       20.105751       27.235333       17.061899       19.216689       17.273578 
       1.038291        2.724362        3.124890        3.396201        4.129711        1.735747        3.321042        2.138677        3.145337        2.518065        1.584021        3.734361        3.085992        1.217901        4.013690        4.131120        3.212342        2.863443        2.530254        2.896707        2.758700        1.809289        6.227548        3.602331        2.620972        5.222796        8.674971       38.347093        3.419463        4.727722        6.170069        7.574965        1.957710        3.550363        2.863443        8.544835       13.832293        9.487478        5.545352        5.033048 
       1.829693        5.167254        5.984290        6.305938        8.717890        3.545156        7.146649        4.515323        4.738178        4.740878        2.560747        7.624085        6.645071        2.505865        9.117751        9.929320        4.618500        4.023544        4.004286        6.390390        5.751692        4.169873       15.041959        8.811477        3.670734        7.523538       11.740554       70.359733        8.085799       11.226030       15.107136       18.349025        2.807778        5.070122        3.985474        7.507276       12.993101        7.508048       13.229683       11.968395 
       0.482127        1.017231        1.068536        1.141716        1.542215        0.767040        1.359456        0.920941        0.920207        0.898401        0.538831        1.409148        1.165230        0.532378        1.651853        1.804718        0.902503        0.765400        0.769160        1.165585        1.122035        0.800413        2.721975        1.629832        0.734830        1.366609        2.222188       12.888515        1.614408        2.199566        2.648619        3.368926        0.588043        0.934297        0.790833        1.384743        2.411454        1.398187        2.336710        2.131445 
       0.534398        1.217975        1.310633        1.398859        1.921642        0.871768        1.560629        1.056715        1.078608        1.082196        0.635272        1.686185        1.404014        0.625461        2.040217        2.178271        1.067079        0.921682        0.940756        1.458973        1.322787        0.959312        3.376692        1.945378        0.858625        1.619887        2.632048       15.389617        1.848488        2.655982        3.302285        3.979548        0.691840        1.158967        0.950278        1.663208        2.903904        1.710522        2.887498        2.624604 
       0.333209        0.592949        0.641177        0.656686        0.726351        0.398067        0.593850        0.441849        1.015065        0.545378        0.496899        0.712156        0.502049        0.326948        0.525491        0.482165        1.147245        1.015514        0.822392        0.449692        0.494452        0.352926        0.664720        0.428764        0.920971        1.785289        2.828228        5.525674        0.486650        0.683527        0.623607        0.766780        0.745052        1.233510        1.009298        0.989311        0.926366        0.629701        0.583331        0.502624 
       0.512557        1.188422        1.357756        1.462518        1.593418        0.688830        1.172286        0.802223        2.350846        1.091104        0.996132        1.508256        1.046814        0.484646        1.084874        0.934969        2.618643        2.340142        1.812107        0.884018        0.976882        0.594941        1.388474        0.832228        2.127649        4.311091        7.043716       13.988349        0.835713        1.203136        1.337435        1.614782        1.612890        2.872475        2.315298        2.264138        2.068598        1.327704        1.198718        1.064665 
       0.354650        0.676531        0.711152        0.760302        0.837160        0.429762        0.661825        0.487543        1.152397        0.594787        0.549807        0.807464        0.579351        0.338337        0.583264        0.532352        1.349476        1.172381        0.919925        0.508727        0.559492        0.377786        0.771031        0.493429        1.077201        2.034795        3.373861        6.374583        0.520765        0.766292        0.710567        0.874214        0.847216        1.438297        1.145246        1.132764        1.066215        0.712754        0.660386        0.570619 
       0.460493        1.060353        1.134724        1.230492        1.461894        0.646437        1.109618        0.755165        1.623815        0.958598        0.744690        1.353339        0.960335        0.473767        1.110592        1.087364        1.773295        1.502973        1.224067        0.887800        0.907092        0.593218        1.625269        0.970258        1.408477        2.757079        4.590632       12.951653        0.963610        1.322119        1.543961        1.956484        1.100141        1.883767        1.546194        3.175001        4.607312        3.196843        1.385134        1.258388 
       0.879132        2.202783        2.534162        2.720620        3.321430        1.419658        2.575979        1.725000        2.698508        2.038449        1.300877        3.084410        2.401080        0.951429        3.050084        3.158118        2.851107        2.436958        2.136314        2.206780        2.162928        1.431242        4.694804        2.715737        2.163419        4.501948        7.413776       30.254451        2.627006        3.663041        4.586099        5.717806        1.727912        3.100112        2.449743        7.441853       12.705143        8.655698        4.210281        3.932965 
       0.439494        0.948107        1.072900        1.098799        1.431761        0.657791        1.119678        0.760209        1.156765        0.861068        0.581139        1.276803        0.953618        0.466507        1.299741        1.308663        1.189464        1.051315        0.939599        0.938875        0.926075        0.618782        1.966923        1.122497        0.934513        1.907001        3.000643       12.600808        1.160447        1.591403        1.886831        2.350409        0.770948        1.291270        1.028081        3.237319        5.173957        3.626385        1.709242        1.533521 
       0.755175        1.888209        2.078506        2.249254        2.942668        1.319754        2.400652        1.599256        1.715088        1.758950        0.964846        2.720570        2.260024        0.907210        3.310987        3.409196        1.618762        1.447421        1.465570        2.271944        2.018029        1.454285        5.246501        3.099260        1.293416        2.555667        4.260799       25.100598        2.895377        4.150161        5.250941        6.517727        1.045209        1.765715        1.444988        2.751258        4.646396        2.693169        4.700988        4.223043 
       0.516945        1.197928        1.313892        1.461398        1.973632        0.881699        1.635465        1.034756        1.106383        1.115702        0.615314        1.731026        1.419714        0.602865        2.063217        2.235913        1.085125        0.928890        0.951526        1.425787        1.313562        0.970989        3.452112        1.992114        0.865773        1.613519        2.706697       16.105385        1.898956        2.616177        3.300357        4.194570        0.672371        1.144792        0.947653        1.734466        2.924692        1.715546        3.016777        2.699224 
       0.701062        1.778234        1.926963        2.103196        1.680520        0.518336        0.812473        0.598604        0.831250        1.604604        0.718924        1.792690        0.740861        0.417083        0.584108        0.403344        0.601264        0.531087        0.530328        0.580018        0.683663        0.410620        0.553841        0.388991        0.494377        0.818839        1.213186        2.566617        0.441041        0.648437        0.519291        0.583072        0.428299        0.589040        0.529741        0.534672        0.576385        0.417851        0.481099        0.431261 
       1.071531        3.098311        3.519711        3.622040        2.878062        0.761501        1.321184        0.870577        1.333846        2.928159        1.141607        2.961743        1.212378        0.548702        0.886270        0.552324        0.872164        0.765605        0.806825        0.870847        1.092366        0.576032        0.826504        0.517583        0.745709        1.365219        1.999402        4.532061        0.554268        0.818909        0.741526        0.888703        0.597734        0.917561        0.782882        0.806937        0.868437        0.592756        0.677571        0.595571 
       4.349295       13.525082       15.176687       16.954954       12.811901        2.597728        5.175197        3.165499        5.601761       12.313437        4.799029       12.793186        4.802917        1.885022        3.534041        1.947394        3.292428        2.786051        2.937971        3.530802        4.576941        1.888878        2.807294        1.631756        2.610335        5.671454        9.072397       20.259258        1.620664        2.304979        2.790133        3.356736        2.064271        3.632382        2.986212        3.174837        3.234697        2.059734        2.519665        2.310103 
       1.779318        5.241419        6.157566        6.581052        4.978532        1.126438        2.112083        1.369533        2.253465        4.882070        1.915756        4.926262        1.936929        0.805927        1.423149        0.804673        1.353310        1.168565        1.245017        1.408333        1.765520        0.833157        1.161170        0.712077        1.094162        2.095805        3.480637        7.655984        0.753512        1.084935        1.110594        1.441677        0.907323        1.480996        1.195599        1.254603        1.337546        0.881257        0.992882        0.940760 
       1.392513        3.769117        4.288118        4.601943        5.048255        1.919974        3.639750        2.292564        1.873938        3.616695        1.472656        4.867768        3.406940        1.290195        2.332387        1.197410        1.367776        1.159192        1.428544        2.420358        2.955130        1.327477        1.791611        1.115036        1.106352        2.166659        3.342253        8.359696        1.096099        1.467588        1.771221        2.068389        0.858543        1.453171        1.195448        1.324902        1.573104        0.947008        1.591650        1.388669 
       0.514738        1.055963        1.184173        1.279190        2.450024        1.359173        2.459569        1.656521        0.749062        0.992480        0.540673        2.102462        2.358291        0.921728        1.648026        0.797648        0.677698        0.595602        0.862870        1.616212        2.098067        0.924500        1.230609        0.754163        0.569270        1.008198        1.558867        4.152380        0.774595        1.072910        1.168659        1.360445        0.498118        0.731170        0.618776        0.673785        0.912070        0.551385        1.014670        0.954558 
       0.715170        1.704100        1.967805        2.015987        3.986606        2.106254        4.108008        2.651588        1.230860        1.551392        0.811928        3.441800        3.876282        1.465528        2.530223        1.322198        1.051344        0.893946        1.337983        2.650986        3.411603        1.462902        1.847885        1.136873        0.832797        1.645654        2.589342        7.033055        1.109384        1.586709        1.848812        2.241039        0.701426        1.094852        0.903827        1.053459        1.431259        0.811704        1.717883        1.562027 
       0.603735        1.425066        1.594084        1.685977        3.289233        1.812335        3.456378        2.104567        1.003431        1.333687        0.716013        2.754300        3.266604        1.245330        2.133768        1.070245        0.896483        0.795286        1.178187        2.207078        2.829710        1.254608        1.569831        0.960737        0.708882        1.325616        2.073695        5.819471        0.997589        1.401825        1.593125        1.830980        0.625925        0.964334        0.818431        0.943064        1.266089        0.743592        1.401032        1.336259 
       0.829299        2.058044        2.368691        2.490424        2.165413        0.722494        1.229927        0.853108        1.888431        1.870340        1.072304        2.192904        1.086169        0.555145        1.022237        0.783871        1.933726        1.622389        1.378719        0.919320        1.066774        0.594693        1.144341        0.703827        1.554247        3.144544        4.854798       10.080626        0.778925        1.064818        1.110388        1.390575        1.217788        2.181697        1.665964        1.686732        1.522875        1.027778        1.014412        0.928432 
       1.308238        3.536010        4.185724        4.419039        3.415523        0.841095        1.478865        0.982704        1.638859        3.321384        1.313329        3.497449        1.409731        0.590054        0.965229        0.608113        1.008846        0.866883        0.874145        1.003228        1.246949        0.619201        0.904468        0.571732        0.811379        1.549347        2.428360        5.515613        0.573671        0.856947        0.814897        1.009364        0.658497        1.069037        0.860948        0.887581        0.960616        0.636840        0.763534        0.640643 
       1.903763        5.645992        6.491564        7.050273        5.329474        1.246083        2.356016        1.529740        2.746020        5.049927        2.180693        5.498193        2.150871        0.874317        1.580318        1.019597        2.031018        1.660623        1.616475        1.559159        1.983076        0.933727        1.486726        0.879788        1.564833        3.204173        5.052750       11.520714        0.895091        1.319236        1.437090        1.742419        1.205776        2.199749        1.768630        1.789791        1.801227        1.117245        1.257735        1.140079 
       3.118058        9.233216       10.924629       12.119027       10.654503        2.941796        5.847448        3.621020        4.096901        8.629008        3.446671       10.121459        5.506577        2.084809        3.678821        1.888379        2.623059        2.357932        2.710480        3.698803        4.721024        2.137818        2.897187        1.759209        2.098630        4.225988        7.357243       17.127478        1.733270        2.354426        2.863061        3.590407        1.663868        3.031864        2.305430        2.612532        2.985667        1.718194        2.577265        2.347924 
       0.928647        2.527215        2.895662        3.127524        6.637860        3.240183        6.500974        3.968887        1.669542        2.359865        1.089403        5.083775        6.214601        2.144937        3.892386        1.855567        1.487263        1.236856        2.087245        4.197870        5.326331        2.303260        2.801622        1.689603        1.192473        2.281798        3.837984       11.078281        1.629663        2.208913        2.733187        3.407846        0.927921        1.551558        1.304748        1.526622        2.098303        1.211002        2.509237        2.242216 
       0.442874        0.892368        0.983155        1.042043        1.982640        1.119441        1.995718        1.381171        0.642802        0.824675        0.454013        1.747996        1.883382        0.790998        1.265410        0.705460        0.589752        0.516272        0.736756        1.359150        1.732885        0.788486        1.031006        0.621788        0.480217        0.867854        1.297392        3.419448        0.663545        0.941562        0.946131        1.158116        0.430232        0.603468        0.542061        0.593408        0.791149        0.475192        0.881352        0.791210 
       0.536142        1.225676        1.371533        1.467377        2.763811        1.445365        2.686021        1.705632        0.947291        1.143860        0.609914        2.298619        2.472713        0.998109        1.920276        1.274711        0.855328        0.777928        0.969449        1.795988        2.256256        1.095244        1.884638        1.153802        0.698556        1.282385        2.093960        7.641671        1.132556        1.636871        1.777560        2.239866        0.569700        0.907977        0.739744        1.040298        1.471845        0.906217        1.638740        1.492664 
       0.363392        0.663064        0.719730        0.743821        1.018176        0.513696        0.844634        0.625236        0.625412        0.577725        0.388141        0.914322        0.714090        0.392309        1.024877        1.114808        0.581110        0.540765        0.519069        0.763524        0.722845        0.559289        1.711075        0.975388        0.511148        0.852749        1.299765        7.459558        1.051088        1.398042        1.616985        1.940333        0.419359        0.599865        0.537082        0.878639        1.431978        0.856562        1.444550        1.343116 
       0.392599        0.704196        0.791522        0.813515        0.921926        0.488136        0.729374        0.515172        1.300332        0.680814        0.602550        0.910087        0.612893        0.367193        0.644182        0.599090        1.457106        1.264546        1.010027        0.542959        0.613515        0.418753        0.865332        0.543940        1.148861        2.288980        3.710282        6.997059        0.598554        0.822457        0.738979        0.919632        0.928570        1.544422        1.331054        1.284064        1.184304        0.768535        0.741676        0.612047 
       0.721043        1.782544        2.054235        2.228397        2.314387        0.948999        1.678344        1.100257        3.513626        1.666771        1.417160        2.130615        1.544775        0.656112        1.566275        1.306785        3.921839        3.330463        2.749650        1.288212        1.439637        0.837582        2.015742        1.168314        3.065322        6.587231       10.598977       20.480715        1.199872        1.640920        2.052877        2.478717        2.381046        4.265884        3.381699        3.518315        3.084958        2.005849        1.726888        1.606720 
       0.390672        0.769585        0.805706        0.874650        1.383710        0.677233        1.215549        0.819857        1.089751        0.715085        0.546551        1.134317        1.028450        0.490374        0.875895        0.598339        1.185201        1.035231        0.934639        0.782985        0.970782        0.515808        0.870993        0.543390        0.963069        1.792590        2.977534        6.278825        0.591313        0.820816        0.794544        1.059266        0.767732        1.279529        1.022458        1.011887        1.014300        0.661419        0.735070        0.640585 
       0.785095        2.150109        2.380791        2.594865        5.233400        2.610643        5.246031        3.247485        1.462937        1.977297        0.969447        4.217431        4.931096        1.750992        3.317321        1.778786        1.298096        1.105141        1.730736        3.429728        4.213800        1.844956        2.640669        1.516954        1.013019        2.050383        3.303820       10.972678        1.565415        2.142971        2.583264        3.321175        0.850469        1.412357        1.161438        1.433503        2.009023        1.138537        2.396592        2.135440 
       0.465402        0.968110        1.053026        1.149141        2.387894        1.241067        2.313847        1.554901        0.690646        0.865922        0.476314        1.968757        2.141969        0.843088        1.504441        0.721008        0.645756        0.566754        0.796653        1.488230        1.987777        0.877174        1.111085        0.666558        0.538984        0.912234        1.433330        3.908999        0.712595        1.019305        1.062718        1.346680        0.450160        0.653745        0.550396        0.628242        0.823186        0.486719        0.919370        0.862436 
       0.374913        0.732033        0.813826        0.849396        1.685120        0.888541        1.624392        1.063171        0.541598        0.640939        0.367411        1.362252        1.444470        0.624560        1.085884        0.624989        0.496435        0.421985        0.588492        1.064140        1.402305        0.631345        0.938210        0.584524        0.440609        0.697667        1.103866        3.504677        0.590538        0.864087        0.833174        1.114952        0.363794        0.503882        0.433682        0.503114        0.728998        0.427275        0.780158        0.680676 
       0.560496        1.134212        1.261223        1.330813        1.838638        0.845004        1.545875        0.994195        1.042540        1.016433        0.636386        1.581208        1.329791        0.637359        1.936628        2.069010        1.022502        0.899964        0.886626        1.367588        1.279296        0.922864        3.208917        1.836641        0.853070        1.491449        2.389502       14.178720        1.849632        2.484957        2.973574        3.804250        0.701488        1.088311        0.924142        1.565601        2.757828        1.544207        2.751054        2.483502 
       0.383358        0.734635        0.782590        0.803660        1.113340        0.554079        0.956426        0.659106        0.694979        0.621551        0.396023        0.996503        0.804782        0.432491        1.192840        1.242310        0.645030        0.594084        0.563978        0.812130        0.781762        0.586101        1.839697        1.097029        0.535086        0.939111        1.497756        8.257639        1.131892        1.548337        1.817402        2.247417        0.452341        0.663577        0.590445        0.983232        1.638011        0.956139        1.608143        1.494651 
       0.439949        0.908837        1.002197        1.104463        1.239991        0.539524        0.892131        0.646143        1.711659        0.842048        0.726083        1.176458        0.795357        0.413905        0.833355        0.722678        1.993976        1.721277        1.368561        0.686167        0.746752        0.458239        1.028505        0.646354        1.597247        3.242435        5.234779       10.474324        0.678809        0.978682        0.944414        1.222849        1.279189        2.140147        1.757453        1.689676        1.521670        1.015026        0.884995        0.798181 
       1.006614        2.787593        3.137525        3.446092        3.744133        1.430011        2.656741        1.746305        5.683691        2.594056        2.193269        3.402220        2.463338        1.010745        2.454719        2.071104        6.308621        5.441412        4.205032        2.010055        2.274119        1.245876        3.227933        1.876910        4.985184       10.791156       17.054502       34.048005        1.854351        2.477916        3.168438        3.828991        3.976377        7.130165        5.682725        5.529126        4.993879        3.214029        2.801798        2.491827 
       1.682610        4.908765        5.397554        6.005859        6.361555        2.265752        4.593717        2.825921        9.599739        4.535033        3.768805        5.833788        4.112077        1.576272        4.213066        3.645807       10.765877        9.593066        7.333452        3.415261        3.738939        1.995646        5.295280        3.241660        8.726061       18.486042       29.940083       58.503497        3.077900        4.200998        5.322715        6.699203        6.677011       12.576065        9.579681        9.243774        8.638520        5.260185        4.650937        4.297981 
       5.549238       17.212993       19.870220       21.394948       24.800836        8.526225       17.387603       10.576451       15.891199       15.905048        8.637396       22.097470       15.891235        5.917000       17.320523       14.587661       14.751408       13.667596       11.787852       13.558964       14.295733        8.070966       22.389882       12.476147       12.049722       25.928194       41.065637       78.401856       12.169552       16.755526       21.736892       27.165877        9.283576       17.522485       13.245866       21.175068       29.015641       18.134991       20.620334       18.906627 
       1.133757        2.910138        3.384498        3.714278        4.389351        1.870008        3.545600        2.289417        3.433301        2.675111        1.669209        4.015050        3.325280        1.322207        4.399748        4.516923        3.501994        3.106863        2.704489        3.086407        3.023992        1.939770        6.702858        3.906682        2.809016        5.627174        9.324608       40.778325        3.614349        5.050670        6.630061        8.035700        2.124761        3.876643        3.054639        9.218914       15.158724       10.143729        6.091061        5.398634 
       1.989223        5.605983        6.529244        6.929449        9.580899        3.884530        7.761378        4.891946        5.127844        4.979745        2.724702        8.065552        7.175042        2.643941        9.822932       10.702375        4.911104        4.242814        4.352044        6.718558        6.105593        4.502806       16.148610        9.567687        3.947784        8.141641       12.863032       77.291134        8.521120       12.228003       16.213603       20.043707        3.008411        5.327528        4.225141        8.060430       14.063891        7.960303       14.332284       12.727254 
       0.511048        1.096821        1.146530        1.228401        1.655446        0.831080        1.435893        0.987555        0.981551        0.982829        0.588058        1.487449        1.265359        0.572132        1.812963        1.896637        0.976591        0.817168        0.838104        1.242111        1.181313        0.877839        2.913357        1.783141        0.796080        1.471526        2.352873       13.691692        1.724899        2.372497        2.786223        3.627531        0.631357        1.006045        0.860063        1.474667        2.576742        1.511667        2.466424        2.287808 
       0.575644        1.292341        1.396782        1.526136        2.109669        0.917975        1.661279        1.121820        1.146646        1.182280        0.693092        1.847610        1.507977        0.660734        2.240929        2.303897        1.165370        0.988673        1.026991        1.591003        1.439324        1.010933        3.659373        2.101082        0.907113        1.758287        2.856632       16.397760        2.014464        2.880027        3.592110        4.270986        0.749754        1.233934        1.017139        1.788128        3.101032        1.841326        3.150304        2.882659 
       0.364012        0.645077        0.704991        0.722156        0.785858        0.437363        0.651936        0.467197        1.083513        0.582614        0.524681        0.781712        0.531114        0.358747        0.559341        0.528466        1.216598        1.105879        0.875190        0.473253        0.535240        0.379234        0.716048        0.463123        0.986599        1.919528        3.042255        5.966293        0.534793        0.737158        0.660956        0.833116        0.801549        1.331731        1.100304        1.044910        1.018802        0.670667        0.637557        0.541682 
       0.556998        1.279818        1.429709        1.565729        1.748884        0.723700        1.283266        0.851845        2.492935        1.194626        1.079874        1.605957        1.125886        0.516827        1.143397        1.025856        2.790988        2.554352        1.929089        0.959638        1.031242        0.631563        1.491151        0.903009        2.267972        4.649346        7.443775       14.752827        0.916086        1.311845        1.410419        1.756289        1.755393        3.103412        2.465510        2.433670        2.262390        1.458428        1.261985        1.120241 
       0.387233        0.715974        0.780891        0.819450        0.894075        0.453373        0.701172        0.517232        1.213819        0.645868        0.595895        0.850012        0.627809        0.364107        0.626092        0.579914        1.480209        1.287597        0.991339        0.558214        0.595907        0.399232        0.844503        0.526654        1.161730        2.172974        3.684523        6.910539        0.553914        0.832125        0.766025        0.939176        0.927144        1.513515        1.220558        1.205190        1.148336        0.762633        0.696253        0.603239 
       0.487907        1.142139        1.209399        1.332343        1.587183        0.699460        1.168414        0.800109        1.719734        1.050384        0.801612        1.484530        1.026132        0.505616        1.185841        1.185450        1.921612        1.649266        1.310028        0.973643        0.993833        0.651124        1.737382        1.044732        1.480515        2.949423        4.860302       13.880763        1.035563        1.414676        1.631977        2.143696        1.209531        2.067202        1.693719        3.468621        4.848947        3.420579        1.519731        1.365063 
       0.943617        2.349174        2.776398        2.937966        3.639574        1.512103        2.732612        1.851615        2.913017        2.193483        1.401652        3.294347        2.598823        1.041327        3.288928        3.428197        3.007685        2.674384        2.288774        2.337849        2.375053        1.505460        5.031630        2.909246        2.296419        4.730226        8.154350       32.887715        2.864805        3.858105        4.891900        6.192522        1.822283        3.352624        2.671777        8.003313       13.526768        9.510992        4.494838        4.297760 
       0.478209        0.999890        1.169561        1.154947        1.536123        0.721441        1.199585        0.830212        1.239831        0.908952        0.618591        1.397710        1.045414        0.490720        1.386943        1.388091        1.285611        1.143084        1.017768        1.011154        1.013258        0.676294        2.130357        1.196421        1.022676        2.086920        3.197438       13.612195        1.275969        1.720604        1.989447        2.575265        0.823808        1.415941        1.117403        3.480225        5.495287        3.932327        1.842514        1.623308 
       0.805647        1.991272        2.274571        2.446684        3.176348        1.429933        2.579812        1.751453        1.825558        1.848310        1.036416        2.956315        2.453685        0.953863        3.555843        3.741048        1.746264        1.565043        1.544455        2.407823        2.127645        1.538641        5.700516        3.264868        1.366460        2.753794        4.579179       26.970943        3.065285        4.388731        5.651913        7.112402        1.102703        1.932962        1.573395        2.951076        5.016447        2.930013        5.110924        4.457045 
       0.561576        1.303333        1.384042        1.574976        2.118265        0.939445        1.755692        1.093129        1.193911        1.221734        0.661798        1.874912        1.542099        0.636128        2.211122        2.353591        1.183958        1.011285        1.010055        1.507563        1.403006        1.061084        3.686144        2.113853        0.912817        1.767675        2.877399       16.922476        1.995860        2.833510        3.612837        4.580930        0.713881        1.220470        1.034115        1.894235        3.108085        1.801650        3.192313        2.950596 
       3.000000        3.000000        3.000000 
       0.750000        0.750000        0.750000 
       2.000000        2.000000        2.000000 
   37214.650064
   84145.356197
  177256.625322
  125782.415358
  144156.475334
   55897.786993
  111198.914026
   74167.937759
   93723.319465
   96764.805237
   95235.579303
  172279.082748
  123940.559704
   41191.159400
   89896.417803
   63700.349351
   81225.648489
   99377.931641
   60915.001334
  102144.192081
   73501.567604
   47363.163916
  113779.343348
   60368.247176
   73537.163875
  189413.391235
  302254.620824
  760264.037046
  162701.908910
  279960.172513
  112090.801208
  137576.394476
   54610.268487
   91824.475536
   66012.735458
  110490.210923
  166451.235128
   89834.479126
  123340.313302
  109611.088724
   2
   2
   2
   2
   2
   2
   2
   2
   2
   2
   2
   2
   2
   2
   2
   2
   2
   2
   2
   2
   2
   2
   2
   2
   2
   2
   2
   2
   2
   2
   2
   2
   2
   2
   2
   2
   2
   2
   2
   2
    1275.242158    1400.569426    1520.831951
     350.787926     373.628698     396.612901
    2120.193901    2282.746200    2481.827279
    2307.024136    2481.401001    2719.423754
    3619.586625    3804.272039    4077.654389
    2510.396941    2721.582256    2894.364982
    3284.218391    3499.581413    3712.715504
    2259.842180    2429.294138    2657.021467
    2811.762870    2955.731962    3107.532664
    3094.387548    3340.251925    3607.725911
    1411.765237    1490.671054    1570.083738
    1773.484175    1941.322991    2078.721049
    1352.680313    1484.631354    1566.925612
    2383.011978    2607.302519    2759.096113
    2690.504122    2850.528645    3106.986622
    1484.413028    1578.469193    1734.772184
    3262.394085    3503.432112    3823.148228
    1951.576613    2083.500263    2235.497799
    2873.376768    3056.182180    3268.026617
    1677.335077    1820.016314    1935.481568
    3013.022291    3276.977832    3582.058700
    1162.236430    1235.894632    1319.273297
    2762.145224    2928.217869    3086.165767
     335.877248     363.378755     387.958139
    1128.619409    1229.515581    1296.548515
    1802.506395    1942.621880    2087.095750
     965.983680    1019.761794    1115.210216
     411.817950     440.073485     471.215867
    3420.631302    3674.482714    4012.084998
    3661.205608    3953.302040    4223.181536
     763.351373     811.763510     876.129592
    1023.670254    1083.435640    1143.759136
     339.790327     361.365929     393.538934
    2549.708620    2760.711075    3035.425715
    2996.857736    3224.185225    3477.651822
    3625.540298    3986.478898    4298.874945
    1387.902355    1483.217663    1591.986356
    2608.872921    2860.763278    3030.277059
    2213.179271    2365.637180    2489.492550
     527.462018     576.978286     633.869645
   23188.981059    24693.430534    26546.888535 
   51763.887657    56502.525881    60024.298857 
  110934.932929   116743.384126   126834.933588 
   78389.292117    83049.540018    90125.998581 
   91239.894168    95968.541603   101104.514896 
   34183.045053    37417.482837    40195.046096 
   69876.460915    74287.696455    78233.670682 
   45569.042104    49486.572371    53280.261042 
   58557.732052    61977.605869    66911.301010 
   60044.778784    64334.699461    69150.132228 
   58509.084822    63814.043072    68148.030712 
  107800.091655   115043.624918   121714.448923 
   76597.218637    82596.052352    88687.848419 
   25492.315552    27601.711908    29288.291340 
   54822.334696    59867.388237    65103.112672 
   39978.120396    42428.697339    44993.880966 
   49491.286828    54226.391824    58733.618326 
   61861.145822    65521.803290    71372.914170 
   37827.704497    40394.497890    43607.800281 
   64373.417004    67817.327084    72097.640075 
   46240.509805    48805.561954    51957.063448 
   28968.776432    31638.002498    34119.548901 
   70309.064908    76360.017536    80889.604253 
   37381.859570    40186.497299    43168.137483 
   45095.830120    49170.653415    52807.844216 
  117024.541212   126487.361344   135314.879914 
  188321.919204   199935.784460   216251.537984 
  470630.285463   507481.985845   542415.802785 
  102578.280146   108080.823727   114744.713946 
  171120.853421   185785.744094   203013.747511 
   68268.434087    74614.833780    81298.334549 
   85305.576453    91139.923943    98707.288556 
   34177.621239    36178.869258    38864.046478 
   56164.478221    61091.361291    66393.111559 
   41503.264870    43738.781956    46783.424090 
   67973.188835    74138.633221    78868.599790 
  103559.245076   111196.530096   118146.695085 
   56262.809192    59330.932669    64075.216390 
   75822.730698    82841.892721    88016.003185 
   67846.172095    72929.096294    78446.909058 
