  5   1
   20355.966023     16167.127237
   39988.592020     19773.197847
   23572.548971     31529.184022
   37304.369590     32079.249435
   24512.513179     38835.826089
      75.455160       36.992250       54.503740       19.269930       20.093530
      25.793680       38.375560       24.997800       26.576220       18.289200
      66.812590       39.315400       51.186310       22.408500       24.202840
      17.329130       33.119610       18.761160       24.907980       16.361600
      17.485420       25.137020       21.182770       19.093040       23.480380
       3.000000
       0.750000
       2.000000
   56548.561344
   49228.078342
   58711.935911
   35687.870317
   39761.666997
   1
   1
   1
   1
   1
    1529.981840
    1153.366193
     643.642586
    2000.510570
    2784.169344
   37699.040896
   32818.718895
   39141.290607
   23791.913545
   26507.777998